t [h]	I [A]	T [°C]	Q [Ah]	U [V]	P [W]	W [Wh]
0	0.18	25	1.2054803125	20.9995793	3.779924274	0.0
0.016016016016016	0.18	25	1.20836319538288	21.0640667512508	3.79153201522515	25.4530430072998
0.032032032032032	0.18	25	1.21124607826577	21.1285542025016	3.80313975645029	25.5918784172058
0.048048048048048	0.18	25	1.21412896114865	21.1930416537524	3.81474749767544	25.7310856466505
0.0640640640640641	0.18	25	1.21701184403153	21.2575291050033	3.82635523890059	25.870664695634
0.0800800800800801	0.18	25	1.21989472691441	21.3220165562541	3.83796298012573	26.0106155641562
0.0960960960960961	0.18	25	1.2227776097973	21.3865040075049	3.84957072135088	26.1509382522171
0.112112112112112	0.18	25	1.22566049268018	21.4509914587557	3.86117846257602	26.2916327598168
0.128128128128128	0.18	25	1.22854337556306	21.5154789100065	3.87278620380117	26.4326990869553
0.144144144144144	0.18	25	1.23142625844595	21.5799663612573	3.88439394502632	26.5741372336325
0.16016016016016	0.18	25	1.23430914132883	21.6444538125081	3.89600168625146	26.7159471998484
0.176176176176176	0.18	25	1.23719202421171	21.7089412637589	3.90760942747661	26.8581289856031
0.192192192192192	0.18	25	1.24007490709459	21.7734287150098	3.91921716870176	27.0006825908965
0.208208208208208	0.18	25	1.24295778997748	21.8379161662606	3.9308249099269	27.1436080157287
0.224224224224224	0.18	25	1.24584067286036	21.9024036175114	3.94243265115205	27.2869052600996
0.24024024024024	0.18	25	1.24872355574324	21.9668910687622	3.9540403923772	27.4305743240092
0.256256256256256	0.18	25	1.25160643862613	22.031378520013	3.96564813360234	27.5746152074576
0.272272272272272	0.18	25	1.25448932150901	22.0958659712638	3.97725587482749	27.7190279104448
0.288288288288288	0.18	25	1.25737220439189	22.1603534225146	3.98886361605264	27.8638124329706
0.304304304304304	0.18	25	1.26025508727477	22.2248408737655	4.00047135727778	28.0089687750353
0.32032032032032	0.18	25	1.26313797015766	22.2893283250163	4.01207909850293	28.1544969366386
0.336336336336336	0.18	25	1.26602085304054	22.3538157762671	4.02368683972808	28.3003969177807
0.352352352352352	0.18	25	1.26890373592342	22.4183032275179	4.03529458095322	28.4466687184616
0.368368368368368	0.18	25	1.27178661880631	22.4827906787687	4.04690232217837	28.5933123386812
0.384384384384384	0.18	25	1.27466950168919	22.5472781300195	4.05851006340351	28.7403277784395
0.4004004004004	0.18	25	1.27755238457207	22.5779688776876	4.06403439798377	28.8445379784838
0.416416416416416	0.18	25	1.28043526745495	22.5860061775135	4.06548111195244	28.9199188606438
0.432432432432432	0.18	25	1.28331815033784	22.5940434773395	4.0669278259211	28.9953460839919
0.448448448448448	0.18	25	1.28620103322072	22.6020807771654	4.06837453988977	29.0708196485283
0.464464464464464	0.18	25	1.2890839161036	22.6101180769913	4.06982125385843	29.1463395542528
0.48048048048048	0.18	25	1.29196679898649	22.6181553768172	4.07126796782709	29.2219058011655
0.496496496496497	0.18	25	1.29484968186937	22.6261926766431	4.07271468179576	29.2975183892664
0.512512512512513	0.18	25	1.29773256475225	22.634229976469	4.07416139576442	29.3731773185554
0.528528528528528	0.18	25	1.30061544763513	22.6422672762949	4.07560810973309	29.4488825890327
0.544544544544544	0.18	25	1.30349833051802	22.6503045761208	4.07705482370175	29.5246342006981
0.560560560560561	0.18	25	1.3063812134009	22.6583418759467	4.07850153767042	29.6004321535517
0.576576576576577	0.18	25	1.30926409628378	22.6663791757727	4.07994825163908	29.6762764475935
0.592592592592593	0.18	25	1.31214697916667	22.6744164755986	4.08139496560774	29.7521670828235
0.608608608608609	0.18	25	1.31502986204955	22.6824537754245	4.08284167957641	29.8281040592417
0.624624624624625	0.18	25	1.31791274493243	22.6904910752504	4.08428839354507	29.9040873768481
0.640640640640641	0.18	25	1.32079562781531	22.6985283750763	4.08573510751374	29.9801170356426
0.656656656656657	0.18	25	1.3236785106982	22.7065656749022	4.0871818214824	30.0561930356254
0.672672672672673	0.18	25	1.32656139358108	22.7146029747281	4.08862853545106	30.1323153767963
0.688688688688689	0.18	25	1.32944427646396	22.722640274554	4.09007524941973	30.2084840591554
0.704704704704705	0.18	25	1.33232715934685	22.73067757438	4.09152196338839	30.2846990827027
0.720720720720721	0.18	25	1.33521004222973	22.7387148742059	4.09296867735706	30.3609604474382
0.736736736736737	0.18	25	1.33809292511261	22.7467521740318	4.09441539132572	30.4372681533618
0.752752752752753	0.18	25	1.34097580799549	22.7547894738577	4.09586210529439	30.5136222004737
0.768768768768769	0.18	25	1.34385869087838	22.7628267736836	4.09730881926305	30.5900225887737
0.784784784784785	0.18	25	1.34674157376126	22.770661662168	4.09871909919023	30.6661967224933
0.800800800800801	0.18	25	1.34962445664414	22.7776735748766	4.0999812434778	30.7413053221105
0.816816816816817	0.18	25	1.35250733952703	22.7846854875853	4.10124338776536	30.816454350774
0.832832832832833	0.18	25	1.35539022240991	22.791697400294	4.10250553205292	30.8916438084838
0.848848848848849	0.18	25	1.35827310529279	22.7987093130026	4.10376767634047	30.9668736952398
0.864864864864865	0.18	25	1.36115598817567	22.8057212257113	4.10502982062804	31.042144011042
0.880880880880881	0.18	25	1.36403887105856	22.81273313842	4.1062919649156	31.1174547558905
0.896896896896897	0.18	25	1.36692175394144	22.8197450511286	4.10755410920316	31.1928059297853
0.912912912912913	0.18	25	1.36980463682432	22.8267569638373	4.10881625349072	31.2681975327263
0.928928928928929	0.18	25	1.37268751970721	22.833768876546	4.11007839777828	31.3436295647135
0.944944944944945	0.18	25	1.37557040259009	22.8407807892547	4.11134054206584	31.419102025747
0.960960960960961	0.18	25	1.37845328547297	22.8477927019633	4.1126026863534	31.4946149158267
0.976976976976977	0.18	25	1.38133616835585	22.854804614672	4.11386483064096	31.5701682349527
0.992992992992993	0.18	25	1.38421905123874	22.8618165273807	4.11512697492852	31.6457619831249
1.00900900900901	0.202162162162162	25	1.38727940889369	22.8692601043852	4.62329906975138	31.7260536394475
1.02502502502503	0.241561561561562	25	1.39083275202661	22.9112303550354	5.53447258185901	31.8656895670096
1.04104104104104	0.280960960960961	25	1.39501711657134	22.9214147110102	6.44002270379013	31.9757658578892
1.05705705705706	0.32036036036036	25	1.39983250252786	22.9331349146905	7.34686736546301	32.1025476384403
1.07307307307307	0.35975975975976	25	1.40527890989619	22.9463909660765	8.2551881013092	32.2460792828598
1.08908908908909	0.399159159159159	25	1.41135633867632	22.9611828651681	9.16516644576017	32.4064109802612
1.10510510510511	0.438558558558559	25	1.41806478886826	22.9770060369115	10.0767626475392	32.5828832145576
1.12112112112112	0.477957957957958	25	1.42540426047199	23.0258202009902	11.0053740035724	32.8211022153536
1.13713713713714	0.517357357357357	25	1.43337475348753	23.0425968030257	11.9212569886645	33.0286765122496
1.15315315315315	0.556756756756757	25	1.44197626791487	23.0607016033397	12.8392014332107	33.2529844334823
1.16916916916917	0.596156156156156	25	1.45120880375401	23.0801346019321	13.7593643278545	33.4940945261515
1.18518518518519	0.635555555555555	25	1.46107236100496	23.100895798803	14.6819026632392	33.7520803660866
1.2012012012012	0.674954954954955	25	1.47156693966771	23.1229851939523	15.6069734300082	34.0270205578461
1.21721721721722	0.714354354354355	25	1.48269253974226	23.180297765794	16.5589466442255	34.3692545663469
1.23323323323323	0.753753753753754	25	1.49444916122861	23.2027962051697	17.48919473723	34.6753993269741
1.24924924924925	0.793153153153153	25	1.50683680412676	23.2252186765626	18.4211554259871	34.9966142857367
1.26526526526527	0.832552552552552	25	1.51985546843672	23.2487833393854	19.3558339129465	35.3347904928653
1.28128128128128	0.871951951951952	25	1.53350515415847	23.273490193638	20.2933652030773	35.6900171672006
1.2972972972973	0.911351351351352	25	1.54778586129203	23.2993392393205	21.2338843013483	36.062387852067
1.31331331331331	0.950750750750751	25	1.5626975898374	23.3576900520978	22.2073413528353	36.5010059485821
1.32932932932933	0.99015015015015	25	1.57824033979456	23.3818960912036	23.1515879255004	36.9022516320222
1.34534534534535	1.02954954954955	25	1.59441411116353	23.4070848733255	24.0987536876003	37.3205864232324
1.36136136136136	1.06894894894895	25	1.6112189039443	23.4332563984634	25.0489547975887	37.7561056901778
1.37737737737738	1.10834834834835	25	1.62865471813687	23.460193692174	26.0020669306534	38.2085551451639
1.39339339339339	1.14774774774775	25	1.64672155374124	23.4847600971896	26.9545805079456	38.6728606364844
1.40940940940941	1.18714714714715	25	1.66541941075741	23.541931527921	27.9477368517049	39.2071897333216
1.42542542542543	1.22654654654655	25	1.68474828918539	23.5680147906489	28.9072671504283	39.7061725980417
1.44144144144144	1.26594594594595	25	1.70470818902517	23.5938792802719	29.8685758239983	40.2206792199508
1.45745745745746	1.30534534534535	25	1.72529911027675	23.6184271423273	30.8302039346151	40.7488513347935
1.47347347347347	1.34474474474475	25	1.74652105294014	23.6437272886724	31.7947780176202	41.2942674796417
1.48948948948949	1.38414414414414	25	1.76837401701532	23.6697629296886	32.7623637524086	41.8569937537738
1.50550550550551	1.42354354354354	25	1.79085800250231	23.7238995705128	33.772004061279	42.4861353964141
1.52152152152152	1.46294294294294	25	1.8139730094011	23.7480770359143	34.7420817081562	43.0783707683267
1.53753753753754	1.50234234234234	25	1.8377190377117	23.7729145270047	35.7150560948045	43.6879376081694
1.55355355355355	1.54174174174174	25	1.86209608743409	23.7956901935929	36.6868088450168	44.3098616072831
1.56956956956957	1.58114114114114	25	1.88710415856829	23.8189513346369	37.6611238940331	44.9488421163289
1.58558558558559	1.62054054054054	25	1.91274325111429	23.8424308699589	38.6376258098037	45.6044487366729
1.6016016016016	1.65993993993994	25	1.93901336507209	23.8934898213002	39.6617580589245	46.3297961017149
1.61761761761762	1.69933933933934	25	1.96591450044169	23.9155696242043	40.6406682851193	47.0159651105461
1.63363363363363	1.73873873873874	25	1.9934466572231	23.9370668269498	41.6203053837955	47.7172658499089
1.64964964964965	1.77813813813814	25	2.02160983541631	23.9579935177759	42.6006219872237	48.433715332376
1.66566566566567	1.81753753753754	25	2.05040403502132	23.9793439930589	43.5833578329099	49.1673436805322
1.68168168168168	1.85693693693694	25	2.07982925603813	23.9994865184117	44.5655329835588	49.9148341908854
1.6976976976977	1.89633633633634	25	2.10988549846675	24.046622844618	45.6004846664245	50.7356208269586
1.71371371371371	1.93573573573574	25	2.14057276230716	24.066493952778	46.5863723782603	51.5160814395466
1.72972972972973	1.97513513513514	25	2.17189104755938	24.0863780455538	47.5738515559208	52.3129888452691
1.74574574574575	2.01453453453453	25	2.2038403542234	24.1063258752913	48.5630259765177	53.1264937560267
1.76176176176176	2.05393393393393	25	2.23642068229923	24.1261990705822	49.5536189679142	53.9563305867184
1.77777777777778	2.09333333333333	25	2.26963203178685	24.1462458008782	50.5461412098385	54.803092917072
1.79379379379379	2.13273273273273	25	2.30347440268628	24.1908262479427	51.5925669708376	55.7229490419675
1.80980980980981	2.17213213213213	25	2.33794779499751	24.2106043414299	52.5886316283576	56.6031290356032
1.82582582582583	2.21153153153153	25	2.37305220872054	24.2301070061125	53.5856456564009	57.4993089483904
1.84184184184184	2.25093093093093	25	2.40878764385538	24.2497901378332	54.5846026898325	58.4125948500985
1.85785785785786	2.29033033033033	25	2.44515410040201	24.2691606669678	55.5843947672162	59.3418377181516
1.87387387387387	2.32972972972973	25	2.48215157836045	24.2886261177657	56.5859343608488	60.2880516544191
1.88988988988989	2.36912912912913	25	2.51978007773069	24.3310852748307	57.6434828679262	61.308983945085
1.90590590590591	2.40852852852853	25	2.55803959851274	24.3499988327817	58.6476668583911	62.2882612379945
1.92192192192192	2.44792792792793	25	2.59693014070658	24.3687095197069	59.6528446008538	63.2838362418504
1.93793793793794	2.48732732732733	25	2.63645170431223	24.3871698959194	60.6588741182946	64.2955956354485
1.95395395395395	2.52672672672673	25	2.67660428932968	24.4055629847399	61.6661882743548	65.3240345684605
1.96996996996997	2.56612612612613	25	2.71738789575893	24.4234765861487	62.673721358546	66.3680596475523
1.98598598598599	2.60552552552553	25	2.75880252359999	24.4640183027648	63.7416241447773	67.4913954310638
2.002002002002	2.64648648648649	25	2.80086067785033	24.481347119875	64.7895543237341	68.5688424888625
2.01801801801802	2.69837837837838	25	2.84366239848989	24.4986416062287	66.1066048098883	69.6658659497124
2.03403403403403	2.75027027027027	25	2.88729522050109	24.5158841039535	67.4253072004949	70.7845949997038
2.05005005005005	2.80216216216216	25	2.93175914388393	24.5329116269271	68.7451966886434	71.9245879883401
2.06606606606607	2.85405405405405	25	2.97705416863842	24.5713351851512	70.1279187987018	73.1501958419663
2.08208208208208	2.90594594594595	25	3.02318029476455	24.5882174410655	71.4520307909016	74.334614451215
2.0980980980981	2.95783783783784	25	3.07013752226231	24.6050863134201	72.7778553011	75.5409987293341
2.11411411411411	3.00972972972973	25	3.11792585113172	24.6220677192446	74.1057692220291	76.7697814501485
2.13013013013013	3.06162162162162	25	3.16654528137278	24.6391191807105	75.4356600213754	78.0208865788604
2.14614614614615	3.11351351351351	25	3.21599581298547	24.6769542546083	76.8320305440776	79.3609815600541
2.16216216216216	3.16540540540541	25	3.26627744596981	24.6941217509466	78.1669064721855	80.6578529231492
2.17817817817818	3.2172972972973	25	3.31739018032578	24.7114059806315	79.503939673902	81.9773755421907
2.19419419419419	3.26918918918919	25	3.3693340160534	24.7286679176979	80.8426938195876	83.319141986788
2.21021021021021	3.32108108108108	25	3.42210895315266	24.766304296181	82.2509046463439	84.7529916684643
2.22622622622623	3.37297297297297	25	3.47571499162357	24.783538061991	83.5942040577426	86.1405147875354
2.24224224224224	3.42486486486487	25	3.53015213146611	24.8007539334637	84.9392307688789	87.5504343601834
2.25825825825826	3.47675675675676	25	3.5854203726803	24.8178070148848	86.285478226886	88.9822708764161
2.27427427427427	3.52864864864865	25	3.64151971526613	24.8347191441991	87.6329981477467	90.436119386698
2.29029029029029	3.58054054054054	25	3.6984501592236	24.8719348008573	89.0549708761508	91.9876112244298
2.30630630630631	3.63243243243243	25	3.75621170455271	24.8884999791009	90.4057945186801	93.4864749302589
2.32232232232232	3.68432432432432	25	3.81480435125347	24.9049214528331	91.7578079040597	95.0074027258935
2.33833833833834	3.73621621621622	25	3.87422809932586	24.9211789092291	93.1109127678875	96.5503315984626
2.35435435435435	3.78810810810811	25	3.9344829487699	24.9570803698095	94.5401185035811	98.1932071660955
2.37037037037037	3.84	25	3.99556889958558	24.973056964871	95.8965387451044	99.7815697364175
2.38638638638639	3.89189189189189	25	4.05748595177291	24.9889725888418	97.2543798052223	101.392405228464
2.4024024024024	3.94378378378378	25	4.12023410533187	25.004850621308	98.6137243962504	103.025838328642
2.41841841841842	3.99567567567568	25	4.18381336026248	25.0207090698687	99.9746386186323	104.681976889757
2.43443443443443	4.04756756756757	25	4.24822371656473	25.0561329905002	101.416391261008	106.444058415643
2.45045045045045	4.09945945945946	25	4.31346517423861	25.0719141370976	102.78129557608	108.146828481871
2.46646646646647	4.15135135135135	25	4.37953773328415	25.087653396307	104.147663828994	109.872324688681
2.48248248248248	4.20324324324324	25	4.44644139370132	25.1033349209842	105.515422889499	111.620507512612
2.4984984984985	4.25513513513514	25	4.51417615549014	25.1384221473067	106.967383320864	113.479265844017
2.51451451451451	4.30702702702703	25	4.58274201865059	25.1539178133665	108.338603857786	115.273916096999
2.53053053053053	4.35891891891892	25	4.65213898318269	25.1693046241999	109.710958102458	117.091103221841
2.54654654654655	4.41081081081081	25	4.72236704908643	25.184574404896	111.084393050785	118.930804314947
2.56256256256256	4.4627027027027	25	4.79342621636182	25.1997272895709	112.458891082539	120.793033434998
2.57857857857858	4.51459459459459	25	4.86531648500884	25.234547942641	113.923753738885	122.774062097077
2.59459459459459	4.56648648648649	25	4.93803785502751	25.2494390970443	115.301222428017	124.682686079417
2.61061061061061	4.61837837837838	25	5.01159032641782	25.264212027559	116.679690574845	126.613880601883
2.62662662662663	4.67027027027027	25	5.08597389917977	25.2788683268897	118.05914721315	128.567664511363
2.64264264264264	4.72216216216216	25	5.16118857331336	25.2934059011329	119.439564298539	130.544037517104
2.65865865865866	4.77405405405406	25	5.2372343488186	25.3270610638904	120.912758549341	132.643754158433
2.67467467467467	4.82594594594595	25	5.31411122569548	25.3412533957844	122.295519090575	134.666239143732
2.69069069069069	4.87783783783784	25	5.39181920394399	25.3552283081028	123.678692028281	136.710806912013
2.70670670670671	4.92972972972973	25	5.47035828356416	25.3689454546352	125.062044619607	138.777220913051
2.72272272272272	4.98162162162162	25	5.54972846455596	25.4014928248018	126.540625877499	140.971387772016
2.73873873873874	5.03351351351351	25	5.6299297469194	25.4145293933132	127.924377140829	143.082015035372
2.75475475475475	5.0854054054054	25	5.71096213065449	25.4272044670476	129.307643041072	145.213801799718
2.77077077077077	5.1372972972973	25	5.79282561576122	25.4395594987393	130.690580257307	147.366931917979
2.78678678678679	5.18918918918919	25	5.87552020223959	25.4517002065253	132.073687558186	149.541978744785
2.8028028028028	5.24108108108108	25	5.9590458900896	25.4825973614782	133.55635892805	151.851967075725
2.81881881881882	5.29297297297297	25	6.04340267931125	25.4944737937664	134.941560750573	154.073371232878
2.83483483483483	5.34486486486487	25	6.12859056990455	25.5063565387781	136.328028894831	156.318016156179
2.85085085085085	5.39675675675676	25	6.21460956186949	25.5182708044221	137.715900384514	158.586089743537
2.86686686686687	5.44864864864865	25	6.30145965520607	25.549301733402	139.209168363618	160.997894091719
2.88288288288288	5.50054054054054	25	6.38914084991429	25.5611978690154	140.600405143298	163.314093477669
2.8988988988989	5.55243243243243	25	6.47765314599415	25.5730827984089	141.992814327165	165.653560241882
2.91491491491491	5.60432432432432	25	6.56699654344566	25.5849138735428	143.386155157239	168.016040971911
2.93093093093093	5.65621621621622	25	6.65717104226881	25.5966899396745	144.780412718246	170.401543044335
2.94694694694695	5.70810810810811	25	6.7481766424636	25.6268687782376	146.280937458481	172.934637308783
2.96296296296296	5.76	25	6.84001334403003	25.6385299680214	147.677932615803	175.36788710258
2.97897897897898	5.81189189189189	25	6.9326811469681	25.6501821968473	149.076085935407	177.82453453238
2.99499499499499	5.86378378378378	25	7.02618005127782	25.6618624545215	150.475612922513	180.304866056594
3.01101101101101	5.91633633633634	25	7.12051534753504	25.6918428051321	152.001583135445	182.939161000401
3.02702702702703	5.96918918918919	25	7.21569473112283	25.7035974338848	153.429635925616	185.469312574585
3.04304304304304	6.02204204204204	25	7.3117206068484	25.7154515116396	154.859530133187	188.024196732066
3.05905905905906	6.07489489489489	25	7.40859297471176	25.7274294479093	156.291429811873	190.604053065174
3.07507507507508	6.12774774774775	25	7.5063118347129	25.7395586237791	157.725522384883	193.20915351796
3.09109109109109	6.1806006006006	25	7.60487718685183	25.769888211922	159.273386560016	195.976834970568
3.10710710710711	6.23345345345345	25	7.70428903112854	25.7823382338771	160.713005302067	198.634585652106
3.12312312312312	6.2863063063063	25	7.80454736754303	25.7949563102546	162.154996524049	201.317958367085
3.13913913913914	6.33915915915916	25	7.90565219609531	25.8077352166546	163.599341075811	204.026978591792
3.15515515515516	6.39201201201201	25	8.00760351678537	25.8389150487926	165.16265536924	206.90778701463
3.17117117117117	6.44486486486486	25	8.11040132961321	25.8519331049125	166.612215356688	209.669552627154
3.18718718718719	6.49771771771772	25	8.21404563457884	25.865096712515	168.064097179391	212.457084739393
3.2032032032032	6.55057057057057	25	8.31853643168224	25.8784302387329	169.518483534407	215.270664735647
3.21921921921922	6.60342342342342	25	8.42387372092344	25.8919738145577	170.975666365716	218.11071779929
3.23523523523524	6.65627627627628	25	8.53005750230241	25.9234466438967	172.553622895084	221.128490530308
3.25125125125125	6.70912912912913	25	8.63708777581918	25.93746604395	174.017808971263	224.024170903925
3.26726726726727	6.76198198198198	25	8.74496454147372	25.9517531602096	175.485287270181	226.947161175111
3.28328328328328	6.81483483483484	25	8.85368779926605	25.9663168127682	176.95616034801	229.897662357083
3.2992992992993	6.86768768768769	25	8.96325754919615	25.9987352209585	178.551193772429	233.033359738809
3.31531531531532	6.92054054054054	25	9.07367379126405	26.0138004264298	180.029560464638	236.040739140469
3.33133133133133	6.97339339339339	25	9.18493652546973	26.029150199756	181.511504038623	239.076092396676
3.34734734734735	7.02624624624625	25	9.29704575181319	26.0447995720656	182.997175227461	242.139693218298
3.36336336336336	7.0790990990991	25	9.41000147029443	26.0608216422902	184.487139009719	245.232369971032
3.37937937937938	7.13195195195195	25	9.52380368091345	26.0946770453794	186.10598288935	248.520581297032
3.3953953953954	7.1848048048048	25	9.63845238367027	26.1114811433093	187.605895179019	251.674267666891
3.41141141141141	7.23765765765766	25	9.75394757856486	26.128743195526	189.110898274069	254.858391422944
3.42742742742743	7.29051051051051	25	9.87028926559724	26.1464458667725	190.620938404199	258.072983972324
3.44344344344344	7.34336336336336	25	9.9874774447674	26.1823511047296	192.266517869187	261.495641109467
3.45945945945946	7.39621621621622	25	10.1055121160753	26.2009963628133	193.788234179662	264.774486197656
3.47547547547548	7.44906906906907	25	10.2243932795211	26.220113657383	195.315437632687	268.084753866825
3.49149149149149	7.50192192192192	25	10.3441209351046	26.2397126816956	196.848275791745	271.426761281857
3.50750750750751	7.55477477477477	25	10.4646950828259	26.2598022075693	198.38689130832	274.800823037531
3.52352352352352	7.60762762762763	25	10.586115722685	26.2976346186271	200.062611665924	278.389803305672
3.53953953953954	7.66048048048048	25	10.7083828546818	26.3187030516916	201.613910999045	281.830748516196
3.55555555555556	7.71333333333333	25	10.8314964788165	26.3404276855106	203.172498880905	285.306249726128
3.57157157157157	7.76618618618619	25	10.9554565950889	26.3629080525935	204.739252345748	288.817694890508
3.58758758758759	7.81903903903904	25	11.0802632034991	26.4034248267086	206.449409484367	292.556896553734
3.6036036036036	7.87189189189189	25	11.2059163040471	26.4275616008046	208.034907887847	296.145043418666
3.61961961961962	7.92474474474474	25	11.3324158967329	26.4524796953331	209.629149451058	299.770501407397
3.63563563563564	7.9775975975976	25	11.4597619815564	26.4781245491926	211.231822792529	303.433005051754
3.65165165165165	8.03045045045045	25	11.5879545585178	26.5215804668234	212.98023780646	307.330869269623
3.66766766766767	8.0833033033033	25	11.7169936276169	26.5485619284081	214.600078333853	311.06933093755
3.68368368368368	8.13615615615616	25	11.8468791888538	26.5763525634402	216.229354517211	314.846838099462
3.6996996996997	8.18900900900901	25	11.9776112422285	26.6050622994561	217.869094855492	318.665093298156
3.71571571571572	8.24186186186186	25	12.109189787741	26.6347885661895	219.520248082432	322.525709704343
3.73173173173173	8.29471471471471	25	12.2416148253913	26.683028052732	221.328105422141	326.643351796655
3.74774774774775	8.34756756756757	25	12.3748863551793	26.7148901987349	223.004350994088	330.593730200439
3.76376376376376	8.40042042042042	25	12.5090043771051	26.7478396545242	224.693098435996	334.58884331655
3.77977977977978	8.45327327327327	25	12.6439688911688	26.7818824999212	226.394571544529	338.62928917594
3.7957957957958	8.50612612612613	25	12.7797798973702	26.834023373894	228.253587289758	342.932912479251
3.81181181181181	8.55897897897898	25	12.9164373957093	26.8702271908415	229.981709686802	347.067607318991
3.82782782782783	8.61183183183183	25	13.0539413861863	26.9075233159444	231.723065808007	351.249232213779
3.84384384384384	8.66468468468468	25	13.192291868801	26.9459541264179	233.478196033389	355.478891519029
3.85985985985986	8.71753753753754	25	13.3314888435536	26.9855802909166	235.247809158299	359.757962585174
3.87587587587588	8.77039039039039	25	13.4715323104439	27.043339434105	237.18064429694	364.315220968846
3.89189189189189	8.82324324324324	25	13.612422269472	27.0854534083654	238.981543775539	368.698629154778
3.90790790790791	8.8760960960961	25	13.7541587206379	27.128739085604	240.797295089739	373.132983274169
3.92392392392392	8.92894894894895	25	13.8967416639415	27.173095056192	242.627178541676	377.617482205627
3.93993993993994	8.9818018018018	25	14.040171099383	27.2352056495165	244.62121917527	382.386947246094
3.95595595595596	9.03465465465466	25	14.1844470269622	27.2815134520684	246.479052495753	386.973182376221
3.97197197197197	9.08750750750751	25	14.3295694466792	27.3288656223139	248.351271514441	391.610877833912
3.98798798798799	9.14036036036036	25	14.475538358534	27.3773037017259	250.238421528803	396.301209887569
4.004004004004	9.25687687687688	25	14.622863581655	27.4439116936216	254.044911567737	401.308576842817
4.02002002002002	9.56438438438438	25	14.773584392556	27.5118294980318	263.133712436821	406.448334882784
4.03603603603604	9.87189189189188	25	14.9292302486223	27.5817906138369	272.284455124596	411.77490274326
4.05205205205205	10.1793993993994	25	15.0898011498539	27.6593473316329	281.555543615403	417.374051169081
4.06806806806807	10.4869069069069	25	15.2552970962507	27.7168980310218	290.664529399557	422.829514049724
4.08408408408408	10.7944144144144	25	15.4257180878129	27.7767794105299	299.834068055034	428.476768574199
4.1001001001001	11.1019219219219	25	15.6010641245403	27.8390667618071	309.067145568754	434.31906571831
4.11611611611612	11.4094294294294	25	15.781335206433	27.9035873776559	318.364011013283	440.35586586878
4.13213213213213	11.7169369369369	25	15.966531333491	27.9701494828227	327.724477606933	446.586268119914
4.14814814814815	12.0244444444444	25	16.1566525057142	28.0387657677079	337.150581264594	453.012595197973
4.16416416416416	12.331951951952	25	16.3516987231028	28.1096792645501	346.647214075212	459.641006536974
4.18018018018018	12.6394594594595	25	16.5516699856566	28.1831232355474	356.219443576651	466.477754959872
4.1961961961962	12.946966966967	25	16.7565662933758	28.2590993270216	365.869625503187	473.525471264328
4.21221221221221	13.2544744744745	25	16.9663876462602	28.3375259141729	375.599013899163	480.785449595801
4.22822822822823	13.561981981982	25	17.1811340443099	28.4184523689502	385.410538983516	488.261239482769
4.24424424424424	13.8694894894895	25	17.4008054875249	28.5020564416702	395.308972246582	495.95874013596
4.26026026026026	14.176996996997	25	17.6254019759051	28.5884863893172	405.298885690039	503.883564494409
4.27627627627628	14.4845045045045	25	17.8549235094507	28.6778170861568	415.383970763794	512.040230491347
