t [h]	I [A]	T [°C]	Q [Ah]	U [V]	P [W]	W [Wh]
0	0.54	25	1.2054803125	20.9995793	11.339772822	25.3145794169325
0.01001001001001	0.54	25	1.21088571790541	21.1255260847755	11.4077840857788	25.5805978192927
0.02002002002002	0.54	25	1.21629112331081	21.2514728695509	11.4757953495575	25.8479778085153
0.03003003003003	0.54	25	1.22169652871622	21.3774196543264	11.5438066133363	26.1167193846004
0.04004004004004	0.54	25	1.22710193412162	21.5033664391019	11.611817877115	26.3868225475478
0.05005005005005	0.54	25	1.23250733952703	21.6293132238773	11.6798291408938	26.6582872973578
0.0600600600600601	0.54	25	1.23791274493243	21.7552600086528	11.7478404046725	26.9311136340301
0.0700700700700701	0.54	25	1.24331815033784	21.8812067934282	11.8158516684513	27.2053015575649
0.0800800800800801	0.54	25	1.24872355574324	22.0071535782037	11.88386293223	27.4808510679622
0.0900900900900901	0.54	25	1.25412896114865	22.1331003629792	11.9518741960088	27.7577621652218
0.1001001001001	0.54	25	1.25953436655405	22.2590471477546	12.0198854597875	28.0360348493439
0.11011011011011	0.54	25	1.26493977195946	22.3849939325301	12.0878967235663	28.3156691203285
0.12012012012012	0.54	25	1.27034517736486	22.5109407173056	12.155907987345	28.5966649781755
0.13013013013013	0.54	25	1.27575058277027	22.636887502081	12.2239192511238	28.8790224228849
0.14014014014014	0.54	25	1.28115598817567	22.6535892426913	12.2329381910533	29.022781511946
0.15015015015015	0.54	25	1.28656139358108	22.668736837829	12.2411178924277	29.1647216568
0.16016016016016	0.54	25	1.29196679898649	22.6838844329667	12.249297593802	29.3068255594394
0.17017017017017	0.54	25	1.29737220439189	22.6990320281044	12.2574772951764	29.449093219864
0.18018018018018	0.54	25	1.3027776097973	22.7141796232422	12.2656569965508	29.5915246380739
0.19019019019019	0.54	25	1.3081830152027	22.7293272183799	12.2738366979251	29.734119814069
0.2002002002002	0.54	25	1.31358842060811	22.7444748135176	12.2820163992995	29.8768787478494
0.21021021021021	0.54	25	1.31899382601351	22.7596224086553	12.2901961006739	30.0198014394151
0.22022022022022	0.54	25	1.32439923141892	22.774770003793	12.2983758020482	30.1628878887661
0.23023023023023	0.54	25	1.32980463682432	22.7899175989307	12.3065555034226	30.3061380959023
0.24024024024024	0.54	25	1.33521004222973	22.8050651940685	12.314735204797	30.4495520608239
0.25025025025025	0.54	25	1.34061544763513	22.8202127892062	12.3229149061713	30.5931297835306
0.26026026026026	0.54	25	1.34602085304054	22.8353603843439	12.3310946075457	30.7368712640227
0.27027027027027	0.54	25	1.35142625844594	22.8485811743515	12.3382338341498	30.8781725672523
0.28028028028028	0.54	25	1.35683166385135	22.8617463508299	12.3453430294481	31.019541339744
0.29029029029029	0.54	25	1.36223706925676	22.8749115273083	12.3524522247465	31.161052438468
0.3003003003003	0.54	25	1.36764247466216	22.8880767037867	12.3595614200448	31.3027058634241
0.31031031031031	0.54	25	1.37304788006757	22.9012418802651	12.3666706153431	31.4445016146125
0.32032032032032	0.54	25	1.37845328547297	22.9144070567434	12.3737798106415	31.586439692033
0.33033033033033	0.54	25	1.38385869087838	22.9275722332218	12.3808890059398	31.7285200956858
0.34034034034034	0.54	25	1.38926409628378	22.9407374097002	12.3879982012381	31.8707428255707
0.35035035035035	0.54	25	1.39466950168919	22.9539025861786	12.3951073965365	32.0131078816879
0.36036036036036	0.54	25	1.40007490709459	22.967067762657	12.4022165918348	32.1556152640372
0.37037037037037	0.54	25	1.4054803125	22.9802329391354	12.4093257871331	32.2982649726188
0.38038038038038	0.54	25	1.4108857179054	22.9933981156138	12.4164349824314	32.4410570074325
0.39039039039039	0.54	25	1.41629112331081	23.0065632920922	12.4235441777298	32.5839913684785
0.4004004004004	0.54	25	1.42169652871621	23.018016023758	12.4297286528293	32.724633478911
0.41041041041041	0.54	25	1.42710193412162	23.029393530162	12.4358725062875	32.8652920485421
0.42042042042042	0.54	25	1.43250733952702	23.040771036566	12.4420163597456	33.0060736182425
0.43043043043043	0.54	25	1.43791274493243	23.0521485429699	12.4481602132038	33.146978188012
0.44044044044044	0.54	25	1.44331815033784	23.0635260493739	12.4543040666619	33.2880057578508
0.45045045045045	0.54	25	1.44872355574324	23.0749035557779	12.46044792012	33.4291563277589
0.46046046046046	0.54	25	1.45412896114865	23.0862810621818	12.4665917735782	33.5704298977361
0.47047047047047	0.54	25	1.45953436655405	23.0976585685858	12.4727356270363	33.7118264677826
0.48048048048048	0.54	25	1.46493977195946	23.1090360749898	12.4788794804945	33.8533460378984
0.49049049049049	0.54	25	1.47034517736486	23.1204135813937	12.4850233339526	33.9949886080833
0.500500500500501	0.54	25	1.47575058277027	23.1317910877977	12.4911671874108	34.1367541783375
0.510510510510511	0.54	25	1.48115598817567	23.1431685942017	12.4973110408689	34.278642748661
0.520520520520521	0.54	25	1.48656139358108	23.1545461006056	12.503454894327	34.4206543190536
0.530530530530531	0.54	25	1.49196679898648	23.1644516032813	12.5088038657719	34.5605927088249
0.540540540540541	0.54	25	1.49737220439189	23.1742696073574	12.514105587973	34.7005071671407
0.550550550550551	0.54	25	1.50277760979729	23.1840876114335	12.5194073101741	34.8405277660411
0.560560560560561	0.54	25	1.5081830152027	23.1939056155096	12.5247090323752	34.9806545055261
0.570570570570571	0.54	25	1.5135884206081	23.2037236195857	12.5300107545763	35.1208873855956
0.580580580580581	0.54	25	1.51899382601351	23.2135416236618	12.5353124767773	35.2612264062498
0.590590590590591	0.54	25	1.52439923141892	23.2233596277378	12.5406141989784	35.4016715674886
0.600600600600601	0.54	25	1.52980463682432	23.2331776318139	12.5459159211795	35.542222869312
0.610610610610611	0.54	25	1.53521004222973	23.24299563589	12.5512176433806	35.6828803117201
0.620620620620621	0.54	25	1.54061544763513	23.2528136399661	12.5565193655817	35.8236438947127
0.630630630630631	0.54	25	1.54602085304054	23.2626316440422	12.5618210877828	35.9645136182899
0.640640640640641	0.54	25	1.55142625844594	23.2724496481183	12.5671228099839	36.1054894824517
0.650650650650651	0.54	25	1.55683166385135	23.2822676521944	12.572424532185	36.2465714871982
0.660660660660661	0.54	25	1.56223706925675	23.2908720368605	12.5770708999047	36.385863671299
0.670670670670671	0.54	25	1.56764247466216	23.2993848865725	12.5816678387492	36.5251053816927
0.680680680680681	0.54	25	1.57304788006756	23.3078977362846	12.5862647775937	36.6644391228941
0.690690690690691	0.54	25	1.57845328547297	23.3164105859967	12.5908617164382	36.8038648949032
0.700700700700701	0.54	25	1.58385869087837	23.3249234357088	12.5954586552827	36.94338269772
0.710710710710711	0.54	25	1.58926409628378	23.3334362854208	12.6000555941273	37.0829925313445
0.720720720720721	0.54	25	1.59466950168919	23.3419491351329	12.6046525329718	37.2226943957767
0.730730730730731	0.54	25	1.60007490709459	23.350461984845	12.6092494718163	37.3624882910166
0.740740740740741	0.54	25	1.6054803125	23.3589748345571	12.6138464106608	37.5023742170642
0.750750750750751	0.54	25	1.6108857179054	23.3674876842692	12.6184433495053	37.6423521739195
0.760760760760761	0.54	25	1.61629112331081	23.3760005339812	12.6230402883499	37.7824221615825
0.770770770770771	0.54	25	1.62169652871621	23.3845133836933	12.6276372271944	37.9225841800532
0.780780780780781	0.54	25	1.62710193412162	23.3930262334054	12.6322341660389	38.0628382293316
0.790790790790791	0.54	25	1.63250733952702	23.4005772325884	12.6363117055978	38.2016140813696
0.800800800800801	0.54	25	1.63791274493243	23.4080398435551	12.6403415155198	38.340326793645
0.810810810810811	0.54	25	1.64331815033783	23.4155024545218	12.6443713254418	38.4791201827958
0.820820820820821	0.54	25	1.64872355574324	23.4229650654885	12.6484011353638	38.6179942488219
0.830830830830831	0.54	25	1.65412896114864	23.4304276764552	12.6524309452858	38.7569489917233
0.840840840840841	0.54	25	1.65953436655405	23.4378902874219	12.6564607552078	38.8959844115
0.850850850850851	0.54	25	1.66493977195945	23.4453528983886	12.6604905651298	39.035100508152
0.860860860860861	0.54	25	1.67034517736486	23.4528155093553	12.6645203750518	39.1742972816793
0.870870870870871	0.54	25	1.67575058277027	23.4602781203219	12.6685501849739	39.313574732082
0.880880880880881	0.54	25	1.68115598817567	23.4677407312886	12.6725799948959	39.45293285936
0.890890890890891	0.54	25	1.68656139358108	23.4752033422553	12.6766098048179	39.5923716635133
0.900900900900901	0.54	25	1.69196679898648	23.482665953222	12.6806396147399	39.7318911445419
0.910910910910911	0.54	25	1.69737220439189	23.4901285641887	12.6846694246619	39.8714913024458
0.920920920920921	0.54	25	1.70277760979729	23.496838435583	12.6882927552148	40.0098903891351
0.930930930930931	0.54	25	1.7081830152027	23.5034663508768	12.6918718294735	40.148222018956
0.940940940940941	0.54	25	1.7135884206081	23.5100942661708	12.6954509037322	40.2866253019152
0.950950950950951	0.54	25	1.71899382601351	23.5167221814647	12.6990299779909	40.4251002380127
0.960960960960961	0.54	25	1.72439923141891	23.5233500967586	12.7026090522496	40.5636468272485
0.970970970970971	0.54	25	1.72980463682432	23.5299780120525	12.7061881265083	40.7022650696226
0.980980980980981	0.54	25	1.73521004222972	23.5366059273464	12.709767200767	40.8409549651351
0.990990990990991	0.54	25	1.74061544763513	23.5432338426403	12.7133462750257	40.9797165137858
1.001001001001	0.550330330330331	25	1.74607255639554	23.5499251547438	12.9602380896647	41.1198780178672
1.01101101101101	0.653633633633634	25	1.75209840206103	23.5573138317531	15.3978526384967	41.2747319214647
1.02102102102102	0.756936936936938	25	1.75915831482665	23.5973470978249	17.8617036320653	41.5114693549891
1.03103103103103	0.860240240240241	25	1.7672522946924	23.6071786367683	20.3078450218878	41.7198406170421
1.04104104104104	0.963543543543544	25	1.77638034165828	23.647708124662	22.7855964831203	42.0073238379224
1.05105105105105	1.06684684684685	25	1.7865424557243	23.6585785769361	25.2400799556827	42.2670550697858
1.06106106106106	1.17015015015015	25	1.79773863689045	23.6705551747413	27.698103691861	42.5534715942797
1.07107107107107	1.27345345345345	25	1.80996888515674	23.7137633920622	30.1983738859997	42.9211738896014
1.08108108108108	1.37675675675676	25	1.82323320052315	23.7277948347683	32.6674018617053	43.2613033179513
1.09109109109109	1.48006006006006	25	1.8375315829897	23.7727184561112	35.1850511059428	43.6831209766265
1.1011011011011	1.58336336336336	25	1.85286403255639	23.78710304069	37.6636274751778	44.0742676628072
1.11111111111111	1.68666666666667	25	1.8692305492232	23.8323646135983	40.1972549816025	44.5481839959641
1.12112112112112	1.78996996996997	25	1.88663113299015	23.8483332320761	42.6878003192531	44.9930079455585
1.13113113113113	1.89327327327327	25	1.90506578385724	23.8942268714898	45.2383011213197	45.5200740445974
1.14114114114114	1.99657657657658	25	1.92453450182445	23.9103449000538	47.7388345653146	46.0162837106759
1.15115115115115	2.09987987987988	25	1.9450372868918	23.9269234451084	50.2436651298093	46.5387582613415
1.16116116116116	2.20318318318318	25	1.96657413905929	23.9725652332718	52.8159525797062	47.143826834664
1.17117117117117	2.30648648648649	25	1.9891450583269	23.9897813345792	55.3321064619728	47.7191549920213
1.18118118118118	2.40978978978979	25	2.01275004469465	24.0344367616604	57.9179403115977	48.3753136662428
1.19119119119119	2.51309309309309	25	2.03738909816253	24.0518683604089	60.4445842525279	49.0030143879374
1.2012012012012	2.6163963963964	25	2.06306221873055	24.0969349527801	63.0471337746523	49.7134760882883
1.21121121121121	2.7196996996997	25	2.0897694063987	24.1140113977663	65.5828695570601	50.3927232846015
1.22122122122122	2.823003003003	25	2.11751066116698	24.1317490201916	68.1239999517155	51.0992358228614
1.23123123123123	2.92630630630631	25	2.1462859830354	24.1753909435085	70.7445989754094	51.8873027164532
1.24124124124124	3.02960960960961	25	2.17609537200394	24.1930849899818	73.2956027717508	52.6464602811974
1.25125125125125	3.13291291291291	25	2.20693882807262	24.2366280929234	75.9312451177875	53.4887555998284
1.26126126126126	3.23621621621622	25	2.23881635124144	24.254609007496	78.4931589880425	54.30161523895
1.27127127127127	3.33951951951952	25	2.27172794151039	24.2979633325506	81.1435228336221	55.1983622243499
1.28128128128128	3.44282282282282	25	2.30567359887947	24.3162137518801	83.7164156696111	56.0652520724199
1.29129129129129	3.54612612612613	25	2.34065332334868	24.3598095059663	86.3829569165626	57.0178690762808
1.3013013013013	3.64942942942943	25	2.37666711491803	24.3782563487045	88.9667261571371	57.9390001830077
1.31131131131131	3.75273273273273	25	2.41371497358751	24.3970094128697	91.5554558044648	58.887426930599
1.32132132132132	3.85603603603604	25	2.45179689935712	24.4395132738995	94.2396438873374	59.920722866744
1.33133133133133	3.95933933933934	25	2.49091289222687	24.4582395845505	96.8384701580976	60.9233443023305
1.34134134134134	4.06264264264264	25	2.53106295219675	24.500306985952	99.5359919189639	62.0118193295902
1.35135135135135	4.16594594594595	25	2.57224707926676	24.5188339278613	102.144136801096	63.0684989579679
1.36136136136136	4.26924924924925	25	2.61446527343691	24.5603583181208	104.85429131093	64.2122039258941
1.37137137137137	4.37255255255255	25	2.65771753470719	24.5785262412849	107.47089765431	65.3227801687237
1.38138138138138	4.47585585585585	25	2.7020038630776	24.5967531985132	110.091521838606	66.4605221615488
1.39139139139139	4.57915915915916	25	2.74732425854814	24.6375580052321	112.819299398974	67.6873607791612
1.4014014014014	4.68246246246246	25	2.79367872111882	24.6552367301849	115.447220492217	68.8788102172648
1.41141141141141	4.78576576576577	25	2.84106725078964	24.6947621760078	118.183347415665	70.1594800842944
1.42142142142142	4.88906906906907	25	2.88948984756058	24.7122584577679	120.819938452714	71.4058199240136
1.43143143143143	4.99237237237237	25	2.93894651143166	24.7510662300576	123.566539233698	72.7420597510416
1.44144144144144	5.09567567567568	25	2.98943724240287	24.7683498195531	126.211477702123	74.0434273834345
1.45145145145145	5.19897897897898	25	3.04096204047422	24.806860579575	128.970346687672	75.4367213658236
1.46146146146146	5.30228228228228	25	3.09352090564569	24.8241737831828	131.624776822866	76.7941005636576
1.47147147147147	5.40558558558558	25	3.1471138379173	24.8416982045458	134.28392573596	78.1796521768914
1.48148148148148	5.50888888888889	25	3.20174083728905	24.8806441428679	137.064704067044	79.6613744102768
1.49149149149149	5.61219219219219	25	3.25740190376092	24.8985570121371	139.735487260368	81.1046070122352
1.5015015015015	5.71549549549549	25	3.31409703733294	24.9371998873409	142.528453626368	82.6443002660158
1.51151151151151	5.8187987987988	25	3.37182623800508	24.9553673082263	145.21026131669	84.1451622689318
1.52152152152152	5.9221021021021	25	3.43058950577736	24.9939772481826	148.016885201355	85.7440760552534
1.53153153153153	6.0254054054054	25	3.49038684064977	25.012233333856	150.708845931077	87.3023700837525
1.54154154154154	6.12870870870871	25	3.55121824262231	25.0304843176766	153.404547220942	88.8887125306049
1.55155155155155	6.23201201201201	25	3.61308371169498	25.0687627338856	156.228830483854	90.5755383061483
1.56156156156156	6.33531531531531	25	3.67598324786779	25.0867137931356	158.932242104584	92.2183396476205
1.57157157157157	6.43861861861862	25	3.73991685114074	25.1248683170291	161.769444936365	93.9649184015493
1.58158158158158	6.54192192192192	25	3.80488452151381	25.1423581072396	164.479343670562	95.6637691965933
1.59159159159159	6.64522522522522	25	3.87088625898702	25.1795462404243	167.323755836592	97.4671595495866
1.6016016016016	6.74852852852853	25	3.93792206356036	25.1967245265477	170.040814292881	99.2227374425446
1.61161161161161	6.85183183183183	25	4.00599193523384	25.2335715592054	172.89618884017	101.085484163323
1.62162162162162	6.95513513513514	25	4.07509587400745	25.2506100010825	175.621404802123	102.898656631582
1.63163163163163	7.05843843843844	25	4.14523387988119	25.2676754254489	178.350331472975	104.740424239412
1.64164164164164	7.16174174174174	25	4.21640595285507	25.304390601397	181.223510419362	106.6935831651
1.65165165165165	7.26504504504505	25	4.28861209292907	25.321508251185	183.961898053339	108.594126497235
1.66166166166166	7.36834834834835	25	4.36185230010321	25.3585867750153	186.850900980133	110.610410051968
1.67167167167167	7.47165165165165	25	4.43612657437749	25.3756709053368	189.598173431628	112.569688045822
1.68168168168168	7.57495495495496	25	4.5114349157519	25.4121879154572	192.496178766439	114.645431847442
1.69169169169169	7.67825825825826	25	4.58777732422644	25.429094785876	195.251157039685	116.663024434247
1.7017017017017	7.78156156156156	25	4.66515379980111	25.4458766891666	198.008655944654	118.708928325736
1.71171171171171	7.88486486486487	25	4.74356434247592	25.4819283583925	200.921561602093	120.875166738396
1.72172172172172	7.98816816816817	25	4.82300895225086	25.4983988677949	203.685498174974	122.979006007438
1.73173173173173	8.09147147147147	25	4.90348762912593	25.5340854073219	206.608323623461	125.206071915848
1.74174174174174	8.19477477477478	25	4.98500037310114	25.5502310588964	209.378388971112	127.367911361419
1.75175175175175	8.29807807807808	25	5.06754718417648	25.5859487191478	212.31420017319	129.658002386201
1.76176176176176	8.40138138138138	25	5.15112806235195	25.6017331380556	215.089924117155	131.877806012284
1.77177177177177	8.50468468468469	25	5.23574300762756	25.6172995222468	217.867054909833	134.125596847904
1.78178178178178	8.60798798798799	25	5.3213920200033	25.6518465761663	220.810787197351	136.50353166876
1.79179179179179	8.71129129129129	25	5.40807509947917	25.66682893652	223.59122338977	138.808138454185
1.8018018018018	8.8145945945946	25	5.49579224605517	25.7006003160387	226.540372623591	141.245159935849
1.81181181181181	8.9178978978979	25	5.58454345973131	25.7146397101572	229.320531416412	143.604523012705
1.82182182182182	9.0212012012012	25	5.67432874050758	25.7472518367012	232.271139196879	146.098371086081
1.83183183183183	9.12450450450451	25	5.76514808838399	25.7603076210929	235.050042926084	148.511988237927
1.84184184184184	9.22780780780781	25	5.85700150336053	25.7923512040896	238.006859822819	151.065839777556
1.85185185185185	9.33111111111111	25	5.9498889854372	25.8047040983247	240.786561130812	153.535124687088
1.86186186186186	9.43441441441441	25	6.043810534614	25.8169498867698	243.567804147955	156.032753697261
1.87187187187187	9.53771771771772	25	6.13876615089094	25.8479851552827	246.530785982844	158.674736339981
1.88188188188188	9.64102102102102	25	6.23475583426801	25.8602218143354	249.318942120274	161.232168832392
1.89189189189189	9.74432432432432	25	6.33177958474521	25.8911744453654	252.292000933299	163.937209778242
1.9019019019019	9.84762762762763	25	6.42983740232255	25.9033932667888	255.086971183333	166.554606873869
1.91191191191191	9.95093093093093	25	6.52892928700002	25.9341522733051	258.068958023904	169.3222463107
1.92192192192192	10.0542342342342	25	6.62905523877762	25.9525473239858	260.932989770402	172.040869797692
1.93193193193193	10.1575375375375	25	6.73021525765536	25.9645581662008	263.735974218761	174.747065528445
1.94194194194194	10.2608408408408	25	6.83240934363323	25.9765576486515	266.541323625739	177.482475194073
1.95195195195195	10.3641441441441	25	6.93563749671123	25.988551962118	269.349098632971	180.247175473694
1.96196196196196	10.4674474474474	25	7.03989971688937	26.0005960848395	272.159873120366	183.041589016617
1.97197197197197	10.5707507507508	25	7.14519600416764	26.0127152969102	274.973929753879	185.865949397033
1.98198198198198	10.6740540540541	25	7.25152635854604	26.0249494523281	277.791717208175	188.720606933386
1.99199199199199	10.7773573573574	25	7.35889078002458	26.0373393265691	280.61371055721	191.605936306661
2.002002002002	10.8983183183183	25	7.4673776452682	26.0499248192425	283.900372848366	194.524626256129
2.01201201201201	11.0899099099099	25	7.57742883760168	26.0628175367367	289.03429848083	197.489145192019
2.02202202202202	11.2815015015015	25	7.68939786368482	26.0760647631763	294.177163779024	200.509236683275
2.03203203203203	11.4730930930931	25	7.80328472351762	26.0896642764669	299.32914701145	203.585078690258
2.04204204204204	11.6646846846847	25	7.91908941710009	26.1035873411448	304.490115473581	206.716642261608
2.05205205205205	11.8562762762763	25	8.03681194443223	26.1178038804978	309.659898536783	209.903878189123
2.06206206206206	12.0478678678679	25	8.15645230551404	26.1323015422379	314.838516064162	213.146871162574
2.07207207207207	12.2394594594595	25	8.2780105003455	26.1471222770214	320.026643091132	216.446152763001
2.08208208208208	12.4310510510511	25	8.40148652892664	26.1623263064009	325.225213929126	219.80243202861
2.09209209209209	12.6226426426426	25	8.52688039125744	26.1779822847727	330.435315486115	223.216523826713
2.1021021021021	12.8142342342342	25	8.6541920873379	26.1941634882941	335.658146508827	226.68932239483
2.11211211211211	13.0058258258258	25	8.78342161716803	26.2108651028487	340.893946271866	230.221079149036
2.12212212212212	13.1974174174174	25	8.91456898074783	26.2280596459775	346.142651196887	233.811846945235
2.13213213213213	13.389009009009	25	9.04763417807729	26.2457240625962	351.404235922066	237.461710057131
2.14214214214214	13.5806006006006	25	9.18261720915642	26.2638646197832	356.679055629521	241.171015236576
2.15215215215215	13.7721921921922	25	9.31951807398521	26.2825528419276	361.968369040474	244.940726240815
2.16216216216216	13.9637837837838	25	9.45833677256367	26.3018790428731	367.273752061914	248.772029738728
2.17217217217217	14.1553753753754	25	9.59907330489179	26.3219360530248	372.596885437193	252.666193699659
2.18218218218218	14.346966966967	25	9.74172767096958	26.3427857206687	377.939076552324	256.624244585461
2.19219219219219	14.5385585585586	25	9.88629987079703	26.3644647336756	383.301314395595	260.647004290171
2.2022022022022	14.7301501501502	25	10.0327899043742	26.3870091783837	388.684607210981	264.735319291516
2.21221221221221	14.9217417417417	25	10.1811977717009	26.4104344296986	394.089681847167	268.889856165301
2.22222222222222	15.1133333333333	25	10.3315234727774	26.4347137705833	399.516640786083	273.110865816933
2.23223223223223	15.3049249249249	25	10.4837670076035	26.4598101544772	404.96540794204	277.398484724961
2.24224224224224	15.4965165165165	25	10.6379283761793	26.4857394751157	410.436699228284	281.753399526426
2.25225225225225	15.6881081081081	25	10.7940075785047	26.5127186337773	415.93439616655	286.178485859756
2.26226226226226	15.8796996996997	25	10.9520046145799	26.5410098372909	421.463265942954	290.677262213619
2.27227227227227	16.0712912912913	25	11.1119194844046	26.5708445591198	427.027782765237	295.25308537357
2.28228228228228	16.2628828828829	25	11.2737521879791	26.6021862039842	432.628238664038	299.906454922194
2.29229229229229	16.4544744744745	25	11.4375027253032	26.6348306253272	438.262140656398	304.635947865169
2.3023023023023	16.6460660660661	25	11.603171096377	26.6685772243424	443.926898364389	309.440064430987
2.31231231231231	16.8376576576577	25	11.7707573012004	26.7035930590596	449.625958157849	314.321512968211
2.32232232232232	17.0292492492493	25	11.9402613397735	26.7401821876384	455.36522744363	319.28476359356
2.33233233233233	17.2208408408408	25	12.1116832120963	26.7785771873782	461.149615688011	324.333643764193
2.34234234234234	17.4124324324324	25	12.2850229181687	26.8189580850079	466.983295563437	329.471514715729
2.35235235235235	17.604024024024	25	12.4602804579908	26.8612413168109	472.865937456246	334.698600257235
2.36236236236236	17.7956156156156	25	12.6374558315626	26.9055587961507	478.800982259643	340.017810909865
2.37237237237237	17.9872072072072	25	12.816549038884	26.9518046358177	484.787694592621	345.42912580138
2.38238238238238	18.1787987987988	25	12.9975600799551	27.0000728413206	490.828891735279	350.93506891823
2.39239239239239	18.3703903903904	25	13.1804889547759	27.0503583263907	496.925642655745	356.536949143724
2.4024024024024	18.561981981982	25	13.3653356633463	27.1028484175984	503.082583987851	362.238666533998
2.41241241241241	18.7535735735736	25	13.5521002056664	27.15771994529	509.304299084503	368.044142055996
2.42242242242242	18.9451651651652	25	13.7407825817362	27.2148386585293	515.589613329159	373.95318100388
2.43243243243243	19.1367567567568	25	13.9313827915556	27.2739956568912	521.935820670767	379.964473751377
2.44244244244244	19.3283483483483	25	14.1239008351247	27.3350338902007	528.341057143706	386.077307989968
2.45245245245245	19.5199399399399	25	14.3183367124435	27.3980063713679	534.807438843194	392.293880474918
2.46246246246246	19.7115315315315	25	14.5146904235119	27.4630310624559	541.33840273903	398.617393962839
2.47247247247247	19.9031231231231	25	14.71296196833	27.5299660372059	547.932303613907	405.047343294827
2.48248248248248	20.0947147147147	25	14.9131513468978	27.5984368516183	554.582715105339	411.579665705984
2.49249249249249	20.2863063063063	25	15.1152585592152	27.6681643877451	561.284857703033	418.211458579637
2.5025025025025	20.4778978978979	25	15.3192836052823	27.7393048910965	568.042653318534	424.946278640101
2.51251251251251	20.6694894894895	25	15.525226485099	27.8120590962943	574.861063171915	431.788516486927
2.52252252252252	20.8610810810811	25	15.7330871986654	27.8862855501517	581.738063911895	438.737362207421
2.53253253253253	21.0526726726727	25	15.9428657459815	27.9616345848651	588.667140308049	445.788586224698
2.54254254254254	21.2442642642643	25	16.1545621270473	28.0380091257135	595.646875310511	452.941760340058
2.55255255255255	21.4358558558559	25	16.3681763418627	28.1157037311135	602.684172466097	460.202796646432
2.56256256256256	21.6274474474474	25	16.5837083904278	28.1949635258986	609.785091939069	467.577053192249
2.57257257257257	21.819039039039	25	16.8011582727425	28.2757230984648	616.949106142462	475.064899053549
2.58258258258258	22.0106306306306	25	17.0205259888069	28.3578636421982	624.174462102214	482.665755109077
2.59259259259259	22.2022222222222	25	17.241811538621	28.4414532020358	631.463464314533	490.382175994011
2.6026026026026	22.3938138138138	25	17.4650149221847	28.5266627119029	638.82077349982	498.218589943516
2.61261261261261	22.5854054054054	25	17.6901361394982	28.6135768832498	646.249234006933	506.178070502686
2.62262262262262	22.776996996997	25	17.9171751905612	28.7022253360339	653.750500285976	514.262799704685