t [h]	I [A]	T [°C]	Q [Ah]	U [V]	P [W]	W [Wh]
0	0.42	25	1.2054803125	20.9995793	8.819823306	0.0
0.00900900900900901	0.42	25	1.20926409628378	21.0859805645548	8.856111837113	25.4985192316537
0.018018018018018	0.42	25	1.21304788006757	21.1723818291095	8.892400368226	25.6831128937824
0.027027027027027	0.42	25	1.21683166385135	21.2587830936643	8.928688899339	25.8683604033185
0.036036036036036	0.42	25	1.22061544763513	21.345184358219	8.964977430452	26.054261760262
0.045045045045045	0.42	25	1.22439923141892	21.4315856227738	9.00126596156499	26.240816964613
0.0540540540540541	0.42	25	1.2281830152027	21.5179868873286	9.03755449267799	26.4280260163714
0.0630630630630631	0.42	25	1.23196679898649	21.6043881518833	9.07384302379099	26.6158889155373
0.0720720720720721	0.42	25	1.23575058277027	21.6907894164381	9.11013155490399	26.8044056621105
0.0810810810810811	0.42	25	1.23953436655405	21.7771906809928	9.14642008601699	26.9935762560913
0.0900900900900901	0.42	25	1.24331815033784	21.8635919455476	9.18270861712999	27.1834006974795
0.0990990990990991	0.42	25	1.24710193412162	21.9499932101023	9.21899714824299	27.3738789862751
0.108108108108108	0.42	25	1.2508857179054	22.0363944746571	9.25528567935598	27.5650111224781
0.117117117117117	0.42	25	1.25466950168919	22.1227957392119	9.29157421046898	27.7567971060887
0.126126126126126	0.42	25	1.25845328547297	22.2091970037666	9.32786274158198	27.9492369371066
0.135135135135135	0.42	25	1.26223706925676	22.2955982683214	9.36415127269498	28.142330615532
0.144144144144144	0.42	25	1.26602085304054	22.3819995328761	9.40043980380798	28.3360781413648
0.153153153153153	0.42	25	1.26980463682432	22.4684007974309	9.43672833492098	28.5304795146051
0.162162162162162	0.42	25	1.27358842060811	22.5548020619857	9.47301686603398	28.7255347352528
0.171171171171171	0.42	25	1.27737220439189	22.6102262362717	9.49629501923411	28.8816745292257
0.18018018018018	0.42	25	1.28115598817567	22.6208023725806	9.50073699648387	28.9807764169702
0.189189189189189	0.42	25	1.28493977195946	22.6313785088896	9.50517897373364	29.0799583403408
0.198198198198198	0.42	25	1.28872355574324	22.6419546451986	9.5096209509834	29.1792202993375
0.207207207207207	0.42	25	1.29250733952703	22.6525307815075	9.51406292823316	29.2785622939603
0.216216216216216	0.42	25	1.29629112331081	22.6631069178165	9.51850490548292	29.3779843242093
0.225225225225225	0.42	25	1.30007490709459	22.6736830541254	9.52294688273268	29.4774863900844
0.234234234234234	0.42	25	1.30385869087838	22.6842591904344	9.52738885998244	29.5770684915856
0.243243243243243	0.42	25	1.30764247466216	22.6948353267433	9.5318308372322	29.6767306287129
0.252252252252252	0.42	25	1.31142625844594	22.7054114630523	9.53627281448196	29.7764728014663
0.261261261261261	0.42	25	1.31521004222973	22.7159875993613	9.54071479173173	29.8762950098459
0.27027027027027	0.42	25	1.31899382601351	22.7265637356702	9.54515676898149	29.9761972538516
0.279279279279279	0.42	25	1.3227776097973	22.7371398719792	9.54959874623125	30.0761795334834
0.288288288288288	0.42	25	1.32656139358108	22.7477160082881	9.55404072348101	30.1762418487413
0.297297297297297	0.42	25	1.33034517736486	22.7582921445971	9.55848270073077	30.2763841996254
0.306306306306306	0.42	25	1.33412896114865	22.768868280906	9.56292467798053	30.3766065861355
0.315315315315315	0.42	25	1.33791274493243	22.779444417215	9.56736665523029	30.4769090082718
0.324324324324324	0.42	25	1.34169652871621	22.7900205535239	9.57180863248006	30.5772914660343
0.333333333333333	0.42	25	1.3454803125	22.8005966898329	9.57625060972982	30.6777539594228
0.342342342342342	0.42	25	1.34926409628378	22.8100560947741	9.58022355980512	30.7767897228977
0.351351351351351	0.42	25	1.35304788006757	22.8192654742566	9.58409149918777	30.8755587746419
0.36036036036036	0.42	25	1.35683166385135	22.8284748537391	9.58795943857042	30.9743975189875
0.369369369369369	0.42	25	1.36061544763513	22.8376842332216	9.59182737795307	31.0733059559346
0.378378378378378	0.42	25	1.36439923141892	22.8468936127041	9.59569531733572	31.1722840854832
0.387387387387387	0.42	25	1.3681830152027	22.8561029921866	9.59956325671837	31.2713319076333
0.396396396396396	0.42	25	1.37196679898648	22.8653123716691	9.60343119610102	31.3704494223849
0.405405405405405	0.42	25	1.37575058277027	22.8745217511516	9.60729913548367	31.469636629738
0.414414414414414	0.42	25	1.37953436655405	22.8837311306341	9.61116707486632	31.5688935296926
0.423423423423423	0.42	25	1.38331815033784	22.8929405101166	9.61503501424897	31.6682201222486
0.432432432432432	0.42	25	1.38710193412162	22.9021498895991	9.61890295363162	31.7676164074061
0.441441441441441	0.42	25	1.3908857179054	22.9113592690816	9.62277089301427	31.8670823851652
0.45045045045045	0.42	25	1.39466950168919	22.9205686485641	9.62663883239692	31.9666180555257
0.459459459459459	0.42	25	1.39845328547297	22.9297780280466	9.63050677177957	32.0662234184877
0.468468468468468	0.42	25	1.40223706925675	22.9389874075291	9.63437471116222	32.1658984740512
0.477477477477477	0.42	25	1.40602085304054	22.9481967870116	9.63824265054488	32.2656432222162
0.486486486486486	0.42	25	1.40980463682432	22.9574061664941	9.64211058992752	32.3654576629827
0.495495495495495	0.42	25	1.41358842060811	22.9666155459766	9.64597852931018	32.4653417963506
0.504504504504504	0.42	25	1.41737220439189	22.9755463622687	9.64972947215284	32.5649007945968
0.513513513513513	0.42	25	1.42115598817567	22.9835209753761	9.65307880965797	32.663168463517
0.522522522522523	0.42	25	1.42493977195946	22.9914955884836	9.65642814716311	32.7614964808607
0.531531531531532	0.42	25	1.42872355574324	22.9994702015911	9.65977748466825	32.8598848466279
0.540540540540541	0.42	25	1.43250733952702	23.0074448146985	9.66312682217339	32.9583335608186
0.54954954954955	0.42	25	1.43629112331081	23.015419427806	9.66647615967852	33.0568426234329
0.558558558558559	0.42	25	1.44007490709459	23.0233940409135	9.66982549718366	33.1554120344707
0.567567567567568	0.42	25	1.44385869087838	23.0313686540209	9.67317483468879	33.2540417939319
0.576576576576577	0.42	25	1.44764247466216	23.0393432671284	9.67652417219393	33.3527319018167
0.585585585585586	0.42	25	1.45142625844594	23.0473178802359	9.67987350969907	33.451482358125
0.594594594594595	0.42	25	1.45521004222973	23.0552924933433	9.6832228472042	33.5502931628569
0.603603603603604	0.42	25	1.45899382601351	23.0632671064508	9.68657218470934	33.6491643160122
0.612612612612613	0.42	25	1.46277760979729	23.0712417195583	9.68992152221447	33.7480958175911
0.621621621621622	0.42	25	1.46656139358108	23.0792163326657	9.69327085971961	33.8470876675935
0.630630630630631	0.42	25	1.47034517736486	23.0871909457732	9.69662019722475	33.9461398660193
0.63963963963964	0.42	25	1.47412896114865	23.0951655588807	9.69996953472988	34.0452524128688
0.648648648648649	0.42	25	1.47791274493243	23.1031401719881	9.70331887223502	34.1444253081417
0.657657657657658	0.42	25	1.48169652871621	23.1111147850956	9.70666820974016	34.2436585518381
0.666666666666667	0.42	25	1.4854803125	23.1190893982031	9.71001754724529	34.3429521439581
0.675675675675676	0.42	25	1.48926409628378	23.1263799048067	9.71307956001881	34.4412872692473
0.684684684684685	0.42	25	1.49304788006756	23.1332757122612	9.71597579914971	34.5390882612101
0.693693693693694	0.42	25	1.49683166385135	23.1401715197157	9.71887203828061	34.6369414376617
0.702702702702703	0.42	25	1.50061544763513	23.1470673271703	9.72176827741151	34.7348467986021
0.711711711711712	0.42	25	1.50439923141892	23.1539631346248	9.72466451654241	34.8328043440314
0.720720720720721	0.42	25	1.5081830152027	23.1608589420793	9.72756075567331	34.9308140739496
0.72972972972973	0.42	25	1.51196679898648	23.1677547495338	9.73045699480421	35.0288759883566
0.738738738738739	0.42	25	1.51575058277027	23.1746505569883	9.7333532339351	35.1269900872524
0.747747747747748	0.42	25	1.51953436655405	23.1815463644429	9.736249473066	35.2251563706371
0.756756756756757	0.42	25	1.52331815033783	23.1884421718974	9.7391457121969	35.3233748385106
0.765765765765766	0.42	25	1.52710193412162	23.1953379793519	9.7420419513278	35.4216454908729
0.774774774774775	0.42	25	1.5308857179054	23.2022337868064	9.7449381904587	35.5199683277241
0.783783783783784	0.42	25	1.53466950168919	23.2091295942609	9.7478344295896	35.6183433490642
0.792792792792793	0.42	25	1.53845328547297	23.2160254017155	9.7507306687205	35.7167705548931
0.801801801801802	0.42	25	1.54223706925675	23.22292120917	9.7536269078514	35.8152499452108
0.810810810810811	0.42	25	1.54602085304054	23.2298170166245	9.7565231469823	35.9137815200174
0.81981981981982	0.42	25	1.54980463682432	23.236712824079	9.7594193861132	36.0123652793128
0.828828828828829	0.42	25	1.5535884206081	23.2436086315336	9.76231562524409	36.1110012230971
0.837837837837838	0.42	25	1.55737220439189	23.2504658655947	9.76519566354978	36.2096292782396
0.846846846846847	0.42	25	1.56115598817567	23.2564576061746	9.76771219459332	36.3069580556331
0.855855855855856	0.42	25	1.56493977195946	23.2624493467544	9.77022872563685	36.4043321759282
0.864864864864865	0.42	25	1.56872355574324	23.2684410873343	9.77274525668039	36.5017516391251
0.873873873873874	0.42	25	1.57250733952702	23.2744328279141	9.77526178772393	36.5992164452236
0.882882882882883	0.42	25	1.57629112331081	23.280424568494	9.77777831876747	36.6967265942239
0.891891891891892	0.42	25	1.58007490709459	23.2864163090738	9.780294849811	36.7942820861258
0.900900900900901	0.42	25	1.58385869087837	23.2924080496537	9.78281138085454	36.8918829209294
0.90990990990991	0.42	25	1.58764247466216	23.2983997902335	9.78532791189808	36.9895290986347
0.918918918918919	0.42	25	1.59142625844594	23.3043915308134	9.78784444294161	37.0872206192416
0.927927927927928	0.42	25	1.59521004222973	23.3103832713932	9.79036097398515	37.1849574827503
0.936936936936937	0.42	25	1.59899382601351	23.3163750119731	9.79287750502869	37.2827396891606
0.945945945945946	0.42	25	1.60277760979729	23.3223667525529	9.79539403607223	37.3805672384726
0.954954954954955	0.42	25	1.60656139358108	23.3283584931328	9.79791056711577	37.4784401306863
0.963963963963964	0.42	25	1.61034517736486	23.3343502337126	9.8004270981593	37.5763583658017
0.972972972972973	0.42	25	1.61412896114864	23.3403419742925	9.80294362920284	37.6743219438188
0.981981981981982	0.42	25	1.61791274493243	23.3463337148723	9.80546016024638	37.7723308647376
0.990990990990991	0.42	25	1.62169652871621	23.3523254554522	9.80797669128992	37.870385128558
1	0.42	25	1.6254803125	23.358317196032	9.81049322233345	37.9684847352802
1.00900900900901	0.427567567567568	25	1.62929818442598	23.3640274624074	9.98970039068336	38.0669675253789
1.01801801801802	0.435135135135135	25	1.63318423263635	23.3694325249049	10.1688611797559	38.1665887253338
1.02702702702703	0.442702702702703	25	1.63713845713111	23.3749324130604	10.3481457547548	38.2680007862617
1.03603603603604	0.45027027027027	25	1.64116085791027	23.3805271268737	10.5275562684788	38.3712059579344
1.04504504504505	0.457837837837838	25	1.64525143497382	23.3862166663448	10.7070948737265	38.4762065289125
1.05405405405405	0.465405405405405	25	1.64941018832176	23.3920010314738	10.8867637232967	38.5830048265461
1.06306306306306	0.472972972972973	25	1.6536371179541	23.4297486460879	11.0816378731497	38.7443020255058
1.07207207207207	0.480540540540541	25	1.65793222387083	23.4356783964236	11.2617935645517	38.8547664017041
1.08108108108108	0.488108108108108	25	1.66229550607195	23.4417022697805	11.4420849457361	38.9670363377327
1.09009009009009	0.495675675675676	25	1.66672696455746	23.4478202661586	11.62251415355	39.0811142977035
1.0990990990991	0.503243243243243	25	1.67122659932736	23.4540323855579	11.8030833248402	39.1970027842298
1.10810810810811	0.510810810810811	25	1.67579441038166	23.4603386279784	11.9837945964538	39.3147043384272
1.11711711711712	0.518378378378378	25	1.68043039772035	23.4667389934201	12.1646501052378	39.4342215399127
1.12612612612613	0.525945945945946	25	1.68513456134343	23.473233481883	12.345651988039	39.555557006805
1.13513513513514	0.533513513513514	25	1.68990690125091	23.4798220933671	12.5268023817045	39.6787133957247
1.14414414414414	0.541081081081081	25	1.69474741744278	23.4865048278724	12.7081034230812	39.8036934017941
1.15315315315315	0.548648648648649	25	1.69965610991904	23.4930109637781	12.8894087179647	39.9300396249804
1.16216216216216	0.556216216216216	25	1.70463297867969	23.4991134227244	13.0705879524234	40.0573637101105
1.17117117117117	0.563783783783784	25	1.70967802372473	23.5052994769987	13.2519066781133	40.1864939568931
1.18018018018018	0.571351351351351	25	1.71479124505417	23.511569126601	13.4333667928742	40.3174328957814
1.18918918918919	0.578918918918919	25	1.719972642668	23.5179223715314	13.614970194546	40.4501830914238
1.1981981981982	0.586486486486486	25	1.72522221656622	23.5243592117898	13.7967187809686	40.5847471426641
1.20720720720721	0.594054054054054	25	1.73053996674884	23.5308796473762	13.9786144499819	40.7211276825414
1.21621621621622	0.601621621621622	25	1.73592589321585	23.5374836782907	14.1606590994257	40.8593273782902
1.22522522522523	0.609189189189189	25	1.74137999596725	23.5441713045332	14.3428546271399	40.9993489313402
1.23423423423423	0.616756756756757	25	1.74690227500304	23.5509425261037	14.5252029309645	41.1411950773164
1.24324324324324	0.624324324324324	25	1.75249273032323	23.5577973430023	14.7077059087393	41.2848685860393
1.25225225225225	0.631891891891892	25	1.7581513619278	23.5647357552289	14.8903654583041	41.4303722615244
1.26126126126126	0.639459459459459	25	1.76387816981677	23.5717577627835	15.0731834774988	41.5777089419828
1.27027027027027	0.647027027027027	25	1.76967315399014	23.5786747151423	15.2560398021758	41.7265476500533
1.27927927927928	0.654594594594595	25	1.77553631444789	23.5850872313649	15.4386706146935	41.8761788587097
1.28828828828829	0.662162162162162	25	1.78146765119004	23.5915743117297	15.6214478550642	42.0276264769923
1.2972972972973	0.66972972972973	25	1.78746716421658	23.5981359562366	15.8043732160957	42.1808931584914
1.30630630630631	0.677297297297297	25	1.79353485352751	23.6047721648856	15.9874483905955	42.3359815872983
1.31531531531532	0.684864864864865	25	1.79967071912284	23.6114829376767	16.170675071371	42.4928944780052
1.32432432432432	0.692432432432432	25	1.80587476100255	23.61826827461	16.3540549512299	42.6516345757054
1.33333333333333	0.7	25	1.81214697916666	23.6251281756853	16.5375897229797	42.8122046559934
1.34234234234234	0.707567567567568	25	1.81848737361517	23.6320626409028	16.721281079428	42.9746075249645
1.35135135135135	0.715135135135135	25	1.82489594434806	23.6696571591601	16.9270034711183	43.1946613538604
1.36036036036036	0.722702702702703	25	1.83137269136535	23.676662238581	17.1111877908015	43.3607926464185
1.36936936936937	0.73027027027027	25	1.83791761466703	23.6837410556801	17.2955319817426	43.5287648674471
1.37837837837838	0.737837837837838	25	1.8445307142531	23.6902116852731	17.4795345677826	43.697323080644
1.38738738738739	0.745405405405405	25	1.85121199012357	23.6966703825463	17.6636261932602	43.8675603381758
1.3963963963964	0.752972972972973	25	1.85796144227842	23.7031949848937	17.8478651967335	44.0396223407399
1.40540540540541	0.760540540540541	25	1.86477907071767	23.7097854923154	18.0322530744258	44.2135117572752
1.41441441441441	0.768108108108108	25	1.87166487544132	23.7164419048112	18.2167913225604	44.3892312836797
1.42342342342342	0.775675675675676	25	1.87861885644935	23.7231642223813	18.4014814373606	44.5667836428101
1.43243243243243	0.783243243243243	25	1.88564101374178	23.7299524450256	18.5863249150498	44.7461715844822
1.44144144144144	0.790810810810811	25	1.8927313473186	23.7368065727441	18.7713232518511	44.9273978854708
1.45045045045045	0.798378378378379	25	1.89988985717981	23.7437266055368	18.956477943988	45.1104653495097
1.45945945945946	0.805945945945946	25	1.90711654332542	23.7507125434037	19.1417904876837	45.2953768072916
1.46846846846847	0.813513513513514	25	1.91441140575541	23.7572340708965	19.326830960378	45.4811198745254
1.47747747747748	0.821081081081081	25	1.9217744444698	23.7636379986876	19.5118735783819	45.6683522135094
1.48648648648649	0.828648648648649	25	1.92920565946859	23.7701012221064	19.69706225594	45.8574138038288
1.4954954954955	0.836216216216216	25	1.93670505075176	23.7766237411529	19.8823983392235	46.048307289315
1.5045045045045	0.843783783783784	25	1.94427261831933	23.783205555827	20.0678831744032	46.2410353380546
1.51351351351351	0.851351351351351	25	1.95190836217129	23.7898466661289	20.2535181076503	46.4356006423898
1.52252252252252	0.858918918918919	25	1.95961228230764	23.7965470720585	20.4393044851356	46.6320059189177
1.53153153153153	0.866486486486486	25	1.96738437872839	23.8033067736157	20.6252436530303	46.8302539084912
1.54054054054054	0.874054054054054	25	1.97522465143352	23.8101257708007	20.8113369575052	47.0303473762181
1.54954954954955	0.881621621621622	25	1.98313310042305	23.8167002252894	20.9973178742956	47.2316865596245
1.55855855855856	0.889189189189189	25	1.99110972569698	23.8230076178999	21.1831608278083	47.4342221633537
1.56756756756757	0.896756756756757	25	1.99915452725529	23.829368919849	21.369147588124	47.6385907577526
1.57657657657658	0.904324324324324	25	2.007267505098	23.8357841311366	21.5552793791306	47.8447949449611
1.58558558558559	0.911891891891892	25	2.0154486592251	23.8422532517628	21.7415574247156	48.0528373491707
1.59459459459459	0.919459459459459	25	2.02369798963659	23.8487762817276	21.9279829487668	48.262720616625
1.6036036036036	0.927027027027027	25	2.03201549633248	23.8553532210309	22.1145571751719	48.4744474156196
1.61261261261261	0.934594594594595	25	2.04040117931275	23.8619840696727	22.3012813278185	48.6880204365024
1.62162162162162	0.942162162162162	25	2.04885503857742	23.8686688276531	22.4881566305943	48.9034423916731
1.63063063063063	0.94972972972973	25	2.05737707412649	23.9020858699925	22.7005215532848	49.1756034927253
1.63963963963964	0.957297297297297	25	2.06596728595994	23.9082574695975	22.8873102587336	49.393677796496
1.64864864864865	0.964864864864865	25	2.07462567407779	23.9144780501518	23.0742396321735	49.6135901450147
1.65765765765766	0.972432432432432	25	2.08335223848003	23.9207476116553	23.2613107856043	49.835343082858
1.66666666666667	0.98	25	2.09214697916666	23.9270661541081	23.4485248310259	50.0589391746381
1.67567567567568	0.987567567567567	25	2.10100989613769	23.9334336775101	23.6358828804383	50.2843810050037
1.68468468468468	0.995135135135135	25	2.10994098939311	23.9398501818613	23.8233860458415	50.5116711786393
1.69369369369369	1.0027027027027	25	2.11894025893292	23.9463156671619	24.0110354392353	50.7408123202653
1.7027027027027	1.01027027027027	25	2.12800770475712	23.9524912521891	24.1984898109954	50.9710859327859
1.71171171171171	1.01783783783784	25	2.13714332686571	23.9586690733214	24.3860399270618	51.2031097306328
1.72072072072072	1.02540540540541	25	2.1463471252587	23.9648929975965	24.5737308196976	51.4369791925237
1.72972972972973	1.03297297297297	25	2.15561909993608	23.9711630250144	24.7615635355689	51.6726968644026
1.73873873873874	1.04054054054054	25	2.16495925089785	23.9774791555751	24.9495391213416	51.9102653110727
1.74774774774775	1.04810810810811	25	2.17436757814402	23.9838413892785	25.1376586236816	52.1496871161958
1.75675675675676	1.05567567567568	25	2.18384408167458	23.9902497261247	25.3259230892549	52.3909648822926
1.76576576576577	1.06324324324324	25	2.19338876148953	23.9966138332186	25.5142375188871	52.6339030955859
1.77477477477477	1.07081081081081	25	2.20300161758887	24.0028308946904	25.7024908120982	52.8782752877151
1.78378378378378	1.07837837837838	25	2.2126826499726	24.0090920487968	25.8908857499187	53.1245014179678
1.79279279279279	1.08594594594595	25	2.22243185864073	24.0153972955376	26.0794233333703	53.3725840475173
1.8018018018018	1.09351351351351	25	2.23224924359325	24.0217466349131	26.2681045634752	53.6225257555734
1.81081081081081	1.10108108108108	25	2.24213480483016	24.0281400669231	26.4569304412553	53.8743291393824
1.81981981981982	1.10864864864865	25	2.25208854235147	24.0345775915676	26.6459019677325	54.1279968142267
1.82882882882883	1.11621621621622	25	2.26211045615717	24.0410192076282	26.8349754939201	54.383440926251
1.83783783783784	1.12378378378378	25	2.27220054624726	24.0472643931448	27.0239257693773	54.6402072898557
1.84684684684685	1.13135135135135	25	2.28235881262174	24.0535517758607	27.2130183064197	54.898835870489
1.85585585585586	1.13891891891892	25	2.29258525528061	24.0598813557761	27.402254063038	55.1593292400534
1.86486486486486	1.14648648648649	25	2.30287987422388	24.066253132891	27.5916339972226	55.4216899877121
1.87387387387387	1.15405405405405	25	2.31324266945154	24.0726671072053	27.7811590669639	55.6859207198899
1.88288288288288	1.16162162162162	25	2.32367364096359	24.079123278719	27.9708302302525	55.9520240602723
1.89189189189189	1.16918918918919	25	2.33417278876004	24.0855353214828	28.1605475137121	56.219801150124
1.9009009009009	1.17675675675676	25	2.34474011284088	24.0917867511967	28.3501728418137	56.4889787855394
1.90990990990991	1.18432432432432	25	2.35537561320611	24.1224165576656	28.5687646907273	56.8173516915249
1.91891891891892	1.19189189189189	25	2.36607928985573	24.1286718694254	28.7587683632881	57.0903508019719
1.92792792792793	1.19945945945946	25	2.37685114278974	24.1349670239352	28.9489145006011	57.3652239520331
1.93693693693694	1.20702702702703	25	2.38769117200815	24.141302021195	29.1392040072046	57.6419737167899
1.94594594594595	1.21459459459459	25	2.39859937751095	24.1476768612049	29.3296377876365	57.9206026876217
1.95495495495495	1.22216216216216	25	2.40957575929815	24.1538770272826	29.5199545722627	58.2005965780085
1.96396396396396	1.22972972972973	25	2.42062031736973	24.160043040016	29.7103231978575	58.4822910511899
1.97297297297297	1.2372972972973	25	2.43173305172571	24.1662471145564	29.9008322406593	58.7658618446379
1.98198198198198	1.24486486486486	25	2.44291396236608	24.1724892509038	30.0914825647738	59.0513114961769
1.99099099099099	1.25243243243243	25	2.45416304929084	24.1787694490582	30.282275034307	59.338642559201
2	1.26	25	2.4654803125	24.1850877090196	30.4732105133648	59.6278576026736
2.00900900900901	1.26648648648649	25	2.47686088225894	24.1913083833056	30.6379651578838	59.9185054252725
2.01801801801802	1.27297297297297	25	2.48829988883308	24.1973994080841	30.8026354627233	60.2103862571855
2.02702702702703	1.27945945945946	25	2.49979733222242	24.2035215492089	30.9674245983663	60.5038985991004
2.03603603603604	1.28594594594595	25	2.51135321242695	24.20967480668	31.1323331703198	60.7990445975676
2.04504504504505	1.29243243243243	25	2.52296752944667	24.2158591804973	31.2973617840914	61.0958264100477
2.05405405405405	1.29891891891892	25	2.53464028328159	24.2220746706608	31.4625110451881	61.3942462049115
2.06306306306306	1.30540540540541	25	2.5463714739317	24.228211273274	31.6276379594361	61.6940260506554
2.07207207207207	1.31189189189189	25	2.558161101397	24.2341884699626	31.7926353603238	61.9949582677819
2.08108108108108	1.31837837837838	25	2.5700091656775	24.2401952934004	31.9577493624885	62.2975240818516
2.09009009009009	1.32486486486486	25	2.58191566677319	24.2462317435877	32.1229805424505	62.6017255989825
2.0990990990991	1.33135135135135	25	2.59388060468407	24.2522978205244	32.2883294767305	62.9075649356799
2.10810810810811	1.33783783783784	25	2.60590397941015	24.2583935242104	32.4537967418491	63.2150442188373
2.11711711711712	1.34432432432432	25	2.61798579095142	24.2643783598105	32.6191940437021	63.5237977722531
2.12612612612613	1.35081081081081	25	2.63012603930788	24.2702278475085	32.7844861572561	63.8337582416674
2.13513513513514	1.3572972972973	25	2.64232472447954	24.2761054915853	32.9498923726327	64.1453537544893
2.14414414414414	1.36378378378378	25	2.65458184646639	24.2820112920408	33.11541323774	64.4585863715436
2.15315315315315	1.37027027027027	25	2.66689740526844	24.2879452488752	33.2810493004858	64.7734581635273
2.16216216216216	1.37675675675676	25	2.67927140088568	24.2939073620884	33.446801108778	65.0899712110096
2.17117117117117	1.38324324324324	25	2.69170383331811	24.2996838638113	33.6123735175639	65.4075522046391
2.18018018018018	1.38972972972973	25	2.70419470256574	24.305404136834	33.7779427220542	65.7265451105459
2.18918918918919	1.39621621621622	25	2.71674400862856	24.3111511713679	33.9436235003478	66.0471742876769
2.1981981981982	1.4027027027027	25	2.72935175150657	24.3169249674131	34.1094163732091	66.3694417510627
2.20720720720721	1.40918918918919	25	2.74201793119978	24.3227255249694	34.2753218614029	66.6933495251167
2.21621621621622	1.41567567567568	25	2.75474254770818	24.3506652251067	34.4726444457051	67.0798135605993
2.22522522522523	1.42216216216216	25	2.76752560103177	24.3561944029069	34.63845809408	67.4063915537516
2.23423423423423	1.42864864864865	25	2.78036709117056	24.3617488569485	34.8043795831972	67.7346048052215
2.24324324324324	1.43513513513514	25	2.79326701812454	24.3673285872314	34.9704094049186	68.0644552625168
2.25225225225225	1.44162162162162	25	2.80622538189371	24.3729335937558	35.1365480511063	68.3959448820074
2.26126126126126	1.44810810810811	25	2.81924218247808	24.3785638765215	35.3027960136222	68.7290756289257
2.27027027027027	1.45459459459459	25	2.83231741987764	24.3840552828181	35.468915008683	69.0633845447853
2.27927927927928	1.46108108108108	25	2.8454510940924	24.3894932522068	35.635027167954	69.3991102588509
2.28828828828829	1.46756756756757	25	2.85864320512235	24.3949554172323	35.8012453825869	69.7364735427337
2.2972972972973	1.47405405405405	25	2.87189375296749	24.4004417778947	35.9675701234156	70.0754763115828
2.30630630630631	1.48054054054054	25	2.88520273762783	24.405952334194	36.1340018612742	70.4161204890307
2.31531531531532	1.48702702702703	25	2.89857015910336	24.4114107338342	36.3004275290692	70.7581866947072
2.32432432432432	1.49351351351351	25	2.91199601739408	24.4167553914258	36.4667541332484	71.1014944575173
2.33333333333333	1.5	25	2.9254803125	24.4221233119449	36.6331849679173	71.4464409385419
2.34234234234234	1.50648648648649	25	2.93902304442111	24.4275144953914	36.7997204857599	71.793028019886
2.35135135135135	1.51297297297297	25	2.95262421315741	24.4329289417655	36.9663611394603	72.1412575918111
2.36036036036036	1.51945945945946	25	2.96628381870891	24.4383377594729	37.1330634820964	72.4910458520674
2.36936936936937	1.52594594594595	25	2.9800018610756	24.4436144965498	37.2996344452758	72.842016691133
2.37837837837838	1.53243243243243	25	2.99377834025748	24.44891371174	37.4663083096124	73.1946283130314
2.38738738738739	1.53891891891892	25	3.00761325625456	24.4542354050434	37.6330855125181	73.5488825757781
2.3963963963964	1.54540540540541	25	3.02150660906683	24.4595795764599	37.7999664914049	73.9047813452699
2.40540540540541	1.55189189189189	25	3.0354583986943	24.4649355475179	37.9669351118507	74.2622940812278
2.41441441441441	1.55837837837838	25	3.04946862513696	24.4701719737892	38.1337869191537	74.6210216857759
2.42342342342342	1.56486486486486	25	3.06353728839481	24.4754302412546	38.3007408369904	74.9813931935896
2.43243243243243	1.57135135135135	25	3.07766438846786	24.4807103499141	38.4677972903785	75.3434104483271
2.44144144144144	1.57783783783784	25	3.0918499253561	24.4860122997676	38.634956704336	75.7070753013049
2.45045045045045	1.58432432432432	25	3.10609389905953	24.4913254515329	38.802202647807	76.0723565648878
2.45945945945946	1.59081081081081	25	3.12039630957816	24.4965511868118	38.9693784555606	76.43894792072
2.46846846846847	1.5972972972973	25	3.13475715691198	24.5017982734095	39.1366561610406	76.8071874947839
2.47747747747748	1.60378378378378	25	3.14917644106099	24.507066711326	39.304036179732	77.1770771268179
2.48648648648649	1.61027027027027	25	3.1636541620252	24.5123565005613	39.4715189271201	77.5486186640462
2.4954954954955	1.61675675675676	25	3.1781903198046	24.5176467827644	39.6390710958099	77.9217476693702
2.5045045045045	1.62324324324324	25	3.19278491439919	24.5228784562865	39.8065967590423	78.2962763928764
2.51351351351351	1.62972972972973	25	3.20743794580898	24.5281310774502	39.9742244316283	78.6724583575904
2.52252252252252	1.63621621621622	25	3.22214941403396	24.5334046462557	40.1419545211979	79.050295405191
2.53153153153153	1.6427027027027	25	3.23691931907414	24.5386991627029	40.3097874353807	79.4297893847015
2.54054054054054	1.64918918918919	25	3.25174766092951	24.5439697725165	40.4776496086205	79.8107962977051
2.54954954954955	1.65567567567568	25	3.26663443960007	24.5702325174961	40.6803363249139	80.2619677306343
2.55855855855856	1.66216216216216	25	3.28157965508583	24.5754542677168	40.8483902017455	80.6463107394315
2.56756756756757	1.66864864864865	25	3.29658330738677	24.5806964353381	41.0165458896696	81.0323135526772
2.57657657657658	1.67513513513514	25	3.31164539650292	24.5859590203601	41.1848037859978	81.419978008385
2.58558558558559	1.68162162162162	25	3.32676592243425	24.5911610379871	41.3530281022583	81.8090365342684
2.59459459459459	1.68810810810811	25	3.34194488518079	24.5963517112255	41.5213007535985	82.1996517954378
2.6036036036036	1.69459459459459	25	3.35718228474251	24.6015623678066	41.6896746070668	82.5919293581882
2.61261261261261	1.70108108108108	25	3.37247812111943	24.6067930077302	41.8581500515281	82.9858710494846
2.62162162162162	1.70756756756757	25	3.38783239431154	24.6120307453651	42.0267054727613	83.3814350489394
2.63063063063063	1.71405405405405	25	3.40324510431884	24.6171790059845	42.1951754745822	83.7782939342575
2.63963963963964	1.72054054054054	25	3.41871625114134	24.6223467860755	42.363745848691	84.1768170987942
2.64864864864865	1.72702702702703	25	3.43424583477903	24.6275340856381	42.5324169749263	84.5770063544811
2.65765765765766	1.73351351351351	25	3.44983385523192	24.6327409046721	42.7011892331262	84.978863520094
2.66666666666667	1.74	25	3.4654803125	24.6378918423187	42.8699318056345	85.3821291210596
2.67567567567568	1.74648648648649	25	3.48118520658327	24.6430050227141	43.0386752585889	85.7868645308297
2.68468468468468	1.75297297297297	25	3.49694853748173	24.6481372288971	43.2075183963856	86.1932674342409
2.69369369369369	1.75945945945946	25	3.51277030519539	24.6532884608676	43.3764615892563	86.6013396307521
2.7027027027027	1.76594594594595	25	3.52865050972425	24.6584430485072	43.5454775348503	87.0110276321212
2.71171171171171	1.77243243243243	25	3.54458915106829	24.6634895482459	43.7143687722694	87.4219374801988
2.72072072072072	1.77891891891892	25	3.56058622922753	24.6685545502752	43.883358391868	87.8345156266583
2.72972972972973	1.78540540540541	25	3.57664174420197	24.6736380545951	44.0524467536905	88.248763847395
2.73873873873874	1.79189189189189	25	3.5927556959916	24.6787400612054	44.2216342177815	88.6646839247916
2.74774774774775	1.79837837837838	25	3.60892808459642	24.6837501277897	44.3907225271115	89.0818790693405
2.75675675675676	1.80486486486486	25	3.62515891001643	24.6887356747944	44.5598315773721	89.5005901085213
2.76576576576577	1.81135135135135	25	3.64144817225164	24.6937391715632	44.7290378183288	89.9209713723476
2.77477477477477	1.81783783783784	25	3.65779587130204	24.6987606180963	44.8983415992745	90.34302461515
2.78378378378378	1.82432432432432	25	3.67420200716764	24.7037377708386	45.0676297170704	90.766522902158
2.79279279279279	1.83081081081081	25	3.69066657984843	24.7086400427271	45.2368453106577	91.1913520391975
2.8018018018018	1.8372972972973	25	3.70718958934441	24.7135597139835	45.4061564690972	91.6178512873208
2.81081081081081	1.84378378378378	25	3.72377103565558	24.7184967846077	45.5755635309712	92.0460223714677
2.81981981981982	1.85027027027027	25	3.74041091878195	24.7234297136252	45.7450269782374	92.475786450582
2.82882882882883	1.85675675675676	25	3.75710923872352	24.7282560363238	45.9143564782553	92.9067592115928
2.83783783783784	1.86324324324324	25	3.77386599548027	24.7330992490406	46.0837800602394	93.339402218793
2.84684684684685	1.86972972972973	25	3.79068118905222	24.7379593517756	46.2532980528604	93.7737171703142
2.85585585585586	1.87621621621622	25	3.80755481943937	24.7428363445287	46.4229107847887	94.2097057702099
2.86486486486486	1.8827027027027	25	3.82448688664171	24.7476010051164	46.5923752977408	94.6468755199089
2.87387387387387	1.88918918918919	25	3.84147739065924	24.7523762604732	46.7619216380292	95.0856937696983
2.88288288288288	1.89567567567568	25	3.85852633149196	24.777026707833	46.9692068456056	95.6028099682533
2.89189189189189	1.90216216216216	25	3.87563370913988	24.7818189232525	47.1390382653652	96.0452527927581
2.9009009009009	1.90864864864865	25	3.89279952360299	24.786525904443	47.3087691722098	96.4889762325888
2.90990990990991	1.91513513513514	25	3.9100237748813	24.7912273359091	47.4785505141221	96.9342882918916
2.91891891891892	1.92162162162162	25	3.9273064629748	24.7959447179485	47.6484234985442	97.3812739463648
2.92792792792793	1.92810810810811	25	3.94464758788349	24.8006780505611	47.8183884358657	97.8299348500208
2.93693693693694	1.93459459459459	25	3.96204714960737	24.8053433755765	47.9882832114532	98.2799400162351
2.94594594594595	1.94108108108108	25	3.97950514814645	24.8099964580012	48.1582147463148	98.7315086301112
2.95495495495495	1.94756756756757	25	3.99702158350073	24.8146651155972	48.3282369791875	99.1847520543847
2.96396396396396	1.95405405405405	25	4.01459645567019	24.8193493483645	48.4983502131555	99.6396719259845
2.97297297297297	1.96054054054054	25	4.03222976465485	24.8239758942287	48.6684111180365	100.095974477784
2.98198198198198	1.96702702702703	25	4.04992151045471	24.8285908473345	48.8385092397029	100.553844146899
2.99099099099099	1.97351351351351	25	4.06767169306976	24.8332210438858	49.0086973141768	101.013390287958
3	1.98	25	4.0854803125	24.8378664838825	49.1789756380873	101.474614524405
3.00900900900901	1.98378378378378	25	4.10333519440893	24.8424565023508	49.2820623587176	101.936926081669
3.01801801801802	1.98756756756757	25	4.12122416446006	24.8470345525033	49.3851600267863	102.400199212951
3.02702702702703	1.99135135135135	25	4.13914722265339	24.851621326312	49.4883097114234	102.864519391238
3.03603603603604	1.99513513513514	25	4.15710436898892	24.8562168237768	49.5915115116542	103.329887554659
3.04504504504505	1.99891891891892	25	4.17509560346664	24.8607528904643	49.6946292913173	103.796020091848
3.05405405405405	2.0027027027027	25	4.19312092608656	24.8652843666629	49.7977722045872	104.263144210947
3.06306306306306	2.00648648648649	25	4.21118033684867	24.8698244124505	49.9009666048737	104.731315546591
3.07207207207207	2.01027027027027	25	4.22927383575298	24.874373027827	50.0042125894533	105.200535027348
3.08108108108108	2.01405405405405	25	4.24740142279948	24.878853792821	50.1073563416492	105.670478997248
3.09009009009009	2.01783783783784	25	4.26556309798819	24.8833380933103	50.2105411363932	106.141448725588
3.0990990990991	2.02162162162162	25	4.28375886131909	24.8878308105053	50.3137768817782	106.613465773512
3.10810810810811	2.02540540540541	25	4.30198871279218	24.8923262171753	50.4170520733816	107.086506421429
3.11711711711712	2.02918918918919	25	4.32025265240747	24.8967540751817	50.5202242152606	107.56026782964
3.12612612612613	2.03297297297297	25	4.33855068016496	24.9011901974212	50.6234466662168	108.035075667939
3.13513513513514	2.03675675675676	25	4.35688279606464	24.9056345838937	50.7267195200603	108.510930843639
3.14414414414414	2.04054054054054	25	4.37524900010652	24.9100685230379	50.8300046889016	108.987752398006
3.15315315315315	2.04432432432432	25	4.3936492922906	24.9144473572454	50.9332107595146	109.465343998972
3.16216216216216	2.04810810810811	25	4.41208367261687	24.9188343036242	51.0364665818553	109.943981971666
3.17117117117117	2.05189189189189	25	4.43055214108534	24.9232293621745	51.1397722480077	110.423667213343
3.18018018018018	2.05567567567568	25	4.449054697696	24.927598480833	51.2430578500584	110.90424912343
3.18918918918919	2.05945945945946	25	4.46759134244886	24.9319272981501	51.3462935167307	111.38566254778
3.1981981981982	2.06324324324324	25	4.48616207534392	24.9362640759876	51.4495783665106	111.868122198456
3.20720720720721	2.06702702702703	25	4.50476689638117	24.9406088143455	51.5529124897607	112.351628962456
3.21621621621622	2.07081081081081	25	4.52340580556062	24.9449097842086	51.6561888558395	112.835949737075
3.22522522522523	2.07459459459459	25	4.54207880288227	24.9491875964734	51.7594497271702	113.321176131075
3.23423423423423	2.07837837837838	25	4.56078588834611	24.9534732180187	51.8627592017739	113.807448517962
3.24324324324324	2.08216216216216	25	4.57952706195215	24.9577666488444	51.9661173682966	114.29476777427
3.25225225225225	2.08594594594595	25	4.59830232370039	24.9619962121747	52.0693748015039	114.782805186643
3.26126126126126	2.08972972972973	25	4.61711167359082	24.966222089444	52.1726565393462	115.271835454633
3.27027027027027	2.09351351351351	25	4.63595511162344	24.9704556252611	52.2759862900736	115.761911395495
3.27927927927928	2.0972972972973	25	4.65483263779827	24.974686437755	52.379342366751	116.25298554924
3.28828828828829	2.10108108108108	25	4.67374425211529	24.9788532749307	52.4825960430572	116.744771918139
3.2972972972973	2.10486486486487	25	4.6926899545745	24.9830276228211	52.5858970612245	117.23760276047
3.30630630630631	2.10864864864865	25	4.71166974517592	24.9872094814261	52.6892455065098	117.731478930008
3.31531531531532	2.11243243243243	25	4.73068362391952	24.9913658413424	52.7925717340358	118.22624512502
3.32432432432432	2.11621621621622	25	4.74973159080533	24.9954831191724	52.8958467089513	118.721835798574
3.33333333333333	2.12	25	4.76881364583333	24.9996077652612	52.9991684623538	119.218470651459
3.34234234234234	2.12378378378378	25	4.78792978900353	25.003739779609	53.1025370778831	119.716150527282
3.35135135135135	2.12756756756757	25	4.80708002031592	25.0272166381871	53.2470944258942	120.307833065547
3.36036036036036	2.13135135135135	25	4.82626433977051	25.0312806911151	53.3504539270631	120.807577378315
3.36936936936937	2.13513513513514	25	4.8454827473673	25.0353519653581	53.4538596017106	121.308366022411
3.37837837837838	2.13891891891892	25	4.86473524310628	25.0394256022753	53.5573011395693	121.810176194526
3.38738738738739	2.1427027027027	25	4.88402182698746	25.0434368448392	53.6606398124014	122.312692172977
3.3963963963964	2.14648648648649	25	4.90334249901083	25.0474551770882	53.7640240584959	122.816251461886
3.40540540540541	2.15027027027027	25	4.9226972591764	25.0514805990224	53.8674539583304	123.320854883118
3.41441441441441	2.15405405405405	25	4.94208610748417	25.0554825148253	53.9708636873399	123.826352052831
3.42342342342342	2.15783783783784	25	4.96150904393413	25.0594501979948	54.0742298326462	124.332688793368
3.43243243243243	2.16162162162162	25	4.98096606852629	25.0634248446299	54.1776410560405	124.84006871216
3.44144144144144	2.16540540540541	25	5.00045718126065	25.0674064547305	54.2810974365677	125.348492622136
3.45045045045045	2.16918918918919	25	5.0199823821372	25.0713389858678	54.3844774866418	125.857680005646
3.45945945945946	2.17297297297297	25	5.03954167115595	25.0752652042208	54.4878735789015	126.367843911958
3.46846846846847	2.17675675675676	25	5.05913504831689	25.0791982652301	54.5913142778818	126.879050927314
3.47747747747748	2.18054054054054	25	5.07876251362003	25.0831237460933	54.6947682117516	127.391228606151
3.48648648648649	2.18432432432432	25	5.09842406706537	25.0870037256033	54.7981524622502	127.904183565174
3.4954954954955	2.18810810810811	25	5.1181197086529	25.0908904320127	54.9015807939391	128.418180827735
3.5045045045045	2.19189189189189	25	5.13784943838264	25.0947838653215	55.0050532831778	128.933221188776
3.51351351351351	2.19567567567568	25	5.15761325625456	25.0986398864701	55.1084730912658	129.449077792418
3.52252252252252	2.19945945945946	25	5.17741116226868	25.1024782456369	55.2118832332414	129.965851069567
3.53153153153153	2.20324324324324	25	5.197243156425	25.1063232137114	55.3153369832906	130.483666505456
3.54054054054054	2.20702702702703	25	5.21710923872352	25.1101677031387	55.4188187740083	131.002487909942
3.54954954954955	2.21081081081081	25	5.23700940916423	25.1139517252588	55.522195976383	131.522001486476
3.55855855855856	2.21459459459459	25	5.25694366774713	25.1177422292472	55.6256161693113	132.042555960146
3.56756756756757	2.21837837837838	25	5.27691201447224	25.1215392151039	55.7290794263711	132.564152106217
3.57657657657658	2.22216216216216	25	5.29691444933954	25.1252972403144	55.832484840504	133.086549996172
3.58558558558559	2.22594594594595	25	5.31695097234903	25.1290270457686	55.9358558780946	133.609804785184
3.59459459459459	2.22972972972973	25	5.33702158350073	25.1327631967418	56.0392692900325	134.134099634024
3.6036036036036	2.23351351351351	25	5.35712628279461	25.1365004517465	56.1427134414143	134.65940722753
3.61261261261261	2.2372972972973	25	5.3772650702307	25.1401632404294	56.2460192714255	135.185321652659
3.62162162162162	2.24108108108108	25	5.39743794580898	25.1438322289722	56.3493667142263	135.712274175709
3.63063063063063	2.24486486486486	25	5.41764490952946	25.147507417375	56.4527558401936	136.240265547096
3.63963963963964	2.24864864864865	25	5.43788596139213	25.1511358876502	56.5560677257431	136.769008756519
3.64864864864865	2.25243243243243	25	5.458161101397	25.1547313024268	56.6593326147094	137.298575910999
3.65765765765766	2.25621621621622	25	5.47847032954407	25.1583327620943	56.7626383508008	137.82917957793
3.66666666666667	2.26	25	5.49881364583333	25.1619295591183	56.8659608036074	138.360761615177
3.67567567567568	2.26378378378378	25	5.51919105026479	25.1654449050039	56.9691260876521	138.892898295629
3.68468468468468	2.26756756756757	25	5.53960254283844	25.1689661315016	57.0723313089995	139.426068782681
3.69369369369369	2.27135135135135	25	5.56004812355429	25.1724932386113	57.1755765344025	139.960273796524
3.7027027027027	2.27513513513514	25	5.58052779241234	25.1759574300812	57.2787053098441	140.495130139158
3.71171171171171	2.27891891891892	25	5.60104154941258	25.1793924513767	57.3817938243266	141.030823309127
3.72072072072072	2.2827027027027	25	5.62158939455502	25.1828331807196	57.4849213633399	141.567547933581
3.72972972972973	2.28648648648649	25	5.64217132783966	25.1862560654814	57.5880341389116	142.105171828287
3.73873873873874	2.29027027027027	25	5.66278734926649	25.1896088599048	57.6910122915765	142.64339838484
3.74774774774775	2.29405405405405	25	5.68343745883552	25.1929671981006	57.7940285344536	143.1826534729
3.75675675675676	2.29783783783784	25	5.70412165654674	25.196331080069	57.8970829304722	143.722937779344
3.76576576576577	2.30162162162162	25	5.72483994240017	25.1996285834014	58.0000100043909	144.263840247905
3.77477477477477	2.30540540540541	25	5.74559231639578	25.2029168258323	58.1029406822565	144.805685265264
3.78378378378378	2.30918918918919	25	5.7663787785336	25.2062104695765	58.2059087167733	145.348557139017
3.79279279279279	2.31297297297297	25	5.78719932881361	25.2094769809026	58.3088389196119	145.892268263621
3.8018018018018	2.31675675675676	25	5.80805396723581	25.2127078646681	58.4117113016041	146.436767938143
3.81081081081081	2.32054054054054	25	5.82894269380022	25.2159440295047	58.5146203884668	146.982292718057
3.81981981981982	2.32432432432432	25	5.84986550850681	25.2191810375771	58.6175559251792	147.528817304511
3.82882882882883	2.32810810810811	25	5.87082241135561	25.2223674997275	58.720398281798	148.076040384848
3.83783783783784	2.33189189189189	25	5.8918134023466	25.2255591449231	58.8232768384856	148.624287451745
3.84684684684685	2.33567567567568	25	5.91283848147979	25.2287559731639	58.9261916540764	149.173559157987
3.85585585585586	2.33945945945946	25	5.93389764875517	25.2319241158309	59.0290635531438	149.723655184498
3.86486486486486	2.34324324324324	25	5.95499090417275	25.2350844006025	59.1319410143848	150.27469807162
3.87387387387387	2.34702702702703	25	5.97611824773252	25.2382497926103	59.2348543781157	150.82676512645
3.88288288288288	2.35081081081081	25	5.9972796794345	25.2414072975001	59.337773155042	151.379779065627
3.89189189189189	2.35459459459459	25	6.01847519927867	25.2445495810149	59.440679986433	151.933695570299
3.9009009009009	2.35837837837838	25	6.03970480726503	25.2476969181736	59.543622515671	152.488636449064
3.90990990990991	2.36216216216216	25	6.06096850339359	25.2696850994396	59.6910939916493	153.158765478378
3.91891891891892	2.36594594594595	25	6.08226628766435	25.2728091715266	59.7941004020388	153.715955218551
3.92792792792793	2.36972972972973	25	6.1035981600773	25.2759382438433	59.8971423032481	154.274170159349
3.93693693693694	2.37351351351351	25	6.12496412063245	25.2790723163897	60.0002197520362	154.83341094076
3.94594594594595	2.3772972972973	25	6.1463641693298	25.2821984522907	60.1033020503647	155.393598689045
3.95495495495495	2.38108108108108	25	6.16779830616934	25.285325878739	60.2064110788354	155.954790125826
3.96396396396396	2.38486486486487	25	6.18926653115108	25.2884582789429	60.3095556360519	156.517008450271
3.97297297297297	2.38864864864865	25	6.21076884427501	25.2915859051348	60.4127124944815	157.080193761916
3.98198198198198	2.39243243243243	25	6.23230524554114	25.2947086625805	60.5158813732871	157.644345482235
3.99099099099099	2.39621621621622	25	6.25387573494947	25.2978363627739	60.619085727663	158.209524975874
4	2.4	25	6.27548031249999	25.3009636745253	60.7223128188607	158.775699426761
4.00900900900901	2.43621621621622	25	6.2972650702307	25.3040995882496	61.6462577536437	159.346622470723
4.01801801801802	2.47243243243243	25	6.31937610017956	25.3072824688274	62.5705459526577	159.926235994001
4.02702702702703	2.50864864864865	25	6.3418134023466	25.3105110461943	63.4951793326422	160.514538172997
4.03603603603604	2.54486486486486	25	6.36457697673179	25.3137608028663	64.4201004648078	161.111379200418
4.04504504504505	2.58108108108108	25	6.38766682333515	25.3170571385728	65.345377209019	161.716925948542
4.05405405405405	2.6172972972973	25	6.41108294215668	25.3394255503103	66.3208100078932	162.453158909643
4.06306306306306	2.65351351351351	25	6.43482533319637	25.3427696959267	67.2473818580022	163.07629645271
4.07207207207207	2.68972972972973	25	6.45889399645422	25.3461597866334	68.1743195125881	163.708159279056
4.08108108108108	2.72594594594594	25	6.48328893193023	25.3495931313348	69.1016206277412	164.348736577318
4.09009009009009	2.76216216216216	25	6.50801013962442	25.3530390671424	70.0292052070799	164.997835319257
4.0990990990991	2.79837837837838	25	6.53305761953676	25.3565304826505	70.9571666533414	165.655674674696
4.10810810810811	2.83459459459459	25	6.55843137166727	25.3600568926131	71.8854801864123	166.32219271178
4.11711711711712	2.87081081081081	25	6.58413139601594	25.3821303476857	72.8672942035453	167.119281319967
4.12612612612613	2.90702702702703	25	6.61015769258278	25.3857027576593	73.7969240165902	167.803498365162
4.13513513513514	2.94324324324324	25	6.63651026136778	25.3892983434883	74.7268808001588	168.496338985488
4.14414414414414	2.97945945945946	25	6.66318910237095	25.3929202353214	75.6571763984279	169.197829389368
4.15315315315315	3.01567567567567	25	6.69019421559228	25.396586421533	76.5878679166122	169.908095573129
4.16216216216216	3.05189189189189	25	6.71752560103177	25.4002634579335	77.5188580991852	170.62692005162
4.17117117117117	3.08810810810811	25	6.74518325868943	25.4224252420021	78.5071975175988	171.478917137636
4.18018018018018	3.12432432432432	25	6.77316718856525	25.4261599362163	79.4395699628813	172.215632211193
4.18918918918919	3.16054054054054	25	6.80147739065924	25.4299175063019	80.3722852212688	172.961008965442
4.1981981981982	3.19675675675676	25	6.83011386497138	25.4337183820029	81.3054110871163	173.715192558696
4.20720720720721	3.23297297297297	25	6.8590766115017	25.4375369274875	82.238869385569	174.47801459354
4.21621621621622	3.26918918918919	25	6.88836563025018	25.4413954342988	83.1727349116968	175.249633895228
4.22522522522523	3.30540540540541	25	6.91798092121682	25.4636381983033	84.1676473419591	176.15696324063
4.23423423423423	3.34162162162162	25	6.94792248440163	25.4675427316533	85.1028914416652	176.946512767713
4.24324324324324	3.37783783783784	25	6.97819031980459	25.4714870240504	86.0385526558331	177.744884182257
4.25225225225225	3.41405405405405	25	7.00878442742573	25.4754569526952	86.9745870882288	178.551985971605
4.26126126126126	3.45027027027027	25	7.03970480726503	25.4794692188202	87.9110551479619	179.36794194629
4.27027027027027	3.48648648648649	25	7.07095145932249	25.4835109869574	88.8479166842568	180.192669201887
4.27927927927928	3.5227027027027	25	7.10252438359812	25.4875927759303	89.7852119571554	181.026249170264
4.28828828828829	3.55891891891892	25	7.13442358009191	25.510342359003	90.7892400495545	182.001588062289
4.2972972972973	3.59513513513514	25	7.16664904880387	25.5144814257029	91.7280086282972	182.853334040237
4.30630630630631	3.63135135135135	25	7.19920078973398	25.5186595040721	92.6672186747873	183.713953654669
4.31531531531532	3.66756756756757	25	7.23207880288227	25.5228757293416	93.6068712559906	184.58344855077
4.32432432432432	3.70378378378378	25	7.26528308824872	25.5271330693992	94.5469815089317	185.461848180581
4.33333333333333	3.74	25	7.29881364583333	25.5314305515845	95.4875502629259	186.349153707551
4.34234234234234	3.77621621621622	25	7.3326704756361	25.5357702600787	96.4285897496809	187.245388658705
4.35135135135135	3.81243243243243	25	7.36685357765704	25.5582873776874	97.4392437161238	188.284160807103
4.36036036036036	3.84864864864865	25	7.40136295189615	25.5626976068611	98.3818416004599	189.198803017946
4.36936936936937	3.88486486486487	25	7.43619859835342	25.5671554040107	99.324943723581	190.122445179188
4.37837837837838	3.92108108108108	25	7.47136051702885	25.571656633586	100.268539037856	191.055065727193
4.38738738738739	3.9572972972973	25	7.50684870792244	25.5762096785404	101.212665435997	191.996736578905
4.3963963963964	3.99351351351352	25	7.54266317103421	25.5808072789631	102.157299555124	192.947412948359
4.40540540540541	4.02972972972973	25	7.57880390636413	25.6035015048945	103.175191199453	194.043917221894
4.41441441441441	4.06594594594595	25	7.61527091391222	25.6081849525795	104.121495790975	195.013266027463
4.42342342342342	4.10216216216216	25	7.65206419367847	25.6129233408164	105.068364991057	195.991733591693
4.43243243243243	4.13837837837838	25	7.68918374566289	25.61770849271	106.015770929831	196.979267743276
4.44144144144144	4.1745945945946	25	7.72662956986547	25.6225458957801	106.963741596275	197.975920773569
4.45045045045045	4.21081081081081	25	7.76440166628621	25.6274311518482	107.912264147512	198.981669138045
4.45945945945946	4.24702702702703	25	7.80250003492512	25.6323658384399	108.861350482499	199.996535349641
4.46846846846847	4.28324324324324	25	7.84092467578219	25.6552866659559	109.887833265424	201.161170283359
4.47747747747748	4.31945945945946	25	7.87967558885743	25.66030215635	110.838634881834	202.194856504097
4.48648648648649	4.35567567567568	25	7.91875277415084	25.665366824852	111.790013986302	203.237694743896
4.4954954954955	4.39189189189189	25	7.9581562316624	25.6704757823079	112.741954449325	204.289656816713
4.5045045045045	4.42810810810811	25	7.99788596139213	25.6756336177375	113.694481403517	205.350789661151
4.51351351351351	4.46432432432432	25	8.03794196334002	25.6808349509973	114.647576140696	206.421060906231
4.52252252252252	4.50054054054054	25	8.07832423750608	25.7043117577782	115.683297132574	207.647764681272
4.53153153153153	4.53675675675676	25	8.1190327838903	25.7095899246204	116.638155803967	208.737003458369
4.54054054054054	4.57297297297297	25	8.16006760249269	25.7149141776784	117.593607536843	209.835438082154
4.54954954954955	4.60918918918919	25	8.20142869331324	25.7202898471339	118.549681906222	210.943123152617
4.55855855855856	4.6454054054054	25	8.24311605635195	25.7257119143209	119.506361184688	212.060028942023
4.56756756756757	4.68162162162162	25	8.28512969160883	25.7311918266665	120.463704005815	213.186261403597
4.57657657657658	4.71783783783784	25	8.32746959908388	25.7367228852078	121.42168504978	214.321777406614
4.58558558558559	4.75405405405405	25	8.37013577877708	25.7600574900264	122.464705743125	215.615178860624
4.59459459459459	4.79027027027027	25	8.41312823068845	25.7656928230565	123.424632323203	216.770077672903
4.6036036036036	4.82648648648648	25	8.45644695481799	25.7713815821719	124.385224944439	217.93432130201
4.61261261261261	4.8627027027027	25	8.50009195116569	25.7771414722994	125.3465755053	219.108072752752
4.62162162162162	4.89891891891892	25	8.54406321973155	25.782963683981	126.308648577254	220.291271707976
4.63063063063063	4.93513513513513	25	8.58836076051558	25.7888474655166	127.271447221712	221.483925631764
4.63963963963964	4.97135135135135	25	8.63298457351777	25.8124816760165	128.322915661797	222.838756113261
4.64864864864865	5.00756756756757	25	8.67793465873812	25.8184944929292	129.287855666214	224.05120819663
4.65765765765766	5.04378378378378	25	8.72321101617664	25.8245775155278	130.253585295887	225.27323907156
4.66666666666667	5.08	25	8.76881364583333	25.8307370385975	131.220144156076	226.504919425987
4.67567567567568	5.11621621621622	25	8.81474254770817	25.8369597082088	132.187472236863	227.74614804337
4.68468468468468	5.15243243243243	25	8.86099772180119	25.8432573021392	133.155637083238	228.997044078177
4.69369369369369	5.18864864864865	25	8.90757916811236	25.8496299844005	134.124647686627	230.257625552458
4.7027027027027	5.22486486486486	25	8.9544868866417	25.8736587368964	135.186370459914	231.685337868981
4.71171171171171	5.26108108108108	25	9.00172087738921	25.8801622276809	136.157631871361	232.965996635135
4.72072072072072	5.2972972972973	25	9.04928114035487	25.886741722619	137.129766963063	234.256403655734
4.72972972972973	5.33351351351351	25	9.09716767553871	25.8933894321375	138.102742446974	235.556505352177
4.73873873873874	5.36972972972973	25	9.1453804829407	25.9001159598247	139.076622672918	236.866415004882
4.74774774774775	5.40594594594595	25	9.19391956256086	25.9069297526333	140.051461868154	238.186228258625
4.75675675675676	5.44216216216216	25	9.24278491439919	25.9317122245616	141.124583068587	239.681238553719
4.76576576576577	5.47837837837838	25	9.29197653845568	25.9386725408524	142.101862811643	241.021536688285
4.77477477477477	5.5145945945946	25	9.34149443473033	25.9457382636697	143.080227981599	242.37196959504
4.78378378378378	5.55081081081081	25	9.39133860322315	25.9528906158931	144.05958580249	243.732383506264
4.79279279279279	5.58702702702703	25	9.44150904393413	25.9601319398444	145.039958773098	245.102820491764
4.8018018018018	5.62324324324324	25	9.49200575686328	25.967487897272	146.021500862335	246.483544612183
4.81081081081081	5.65945945945946	25	9.54282874201058	25.9749496403082	147.004174450826	247.874495999811
4.81981981981982	5.69567567567568	25	9.59397799937606	25.9999455536152	148.087257458618	249.44290562636
4.82882882882883	5.73189189189189	25	9.64545352895969	26.0075983181162	149.072741927191	250.85508097724
4.83783783783784	5.76810810810811	25	9.6972553307615	26.0153817722168	150.059534535852	252.277799572425
4.84684684684685	5.80432432432433	25	9.74938340478147	26.0232694115074	151.047495643658	253.710830938708
4.85585585585586	5.84054054054054	25	9.80183775101959	26.0312629478868	152.036646568604	255.154215869314
4.86486486486486	5.87675675675676	25	9.85461836947589	26.0393697868018	153.027042336275	256.608051830592
4.87387387387387	5.91297297297297	25	9.90772526015035	26.0649823806678	154.121536357906	258.244684338316
4.88288288288288	5.94918918918919	25	9.96115842304297	26.0733237035528	155.115135503406	259.720508026371
4.89189189189189	5.98540540540541	25	10.0149178581538	26.0817785431387	156.110018274689	261.206869704091
4.9009009009009	6.02162162162162	25	10.0690035654827	26.0903493877238	157.10621198878	262.70382100968
4.90990990990991	6.05783783783784	25	10.1234155450298	26.0990653191613	158.103905422616	264.211683562746
4.91891891891892	6.09405405405406	25	10.1781537967951	26.1079000167598	159.102953939973	265.730221681931
4.92792792792793	6.13027027027027	25	10.2332183207785	26.1168550376619	160.103379990337	267.259479452519
4.93693693693694	6.16648648648649	25	10.2886091169801	26.1432508331965	161.212002975733	268.977688869924
4.94594594594595	6.2027027027027	25	10.3443261853999	26.1524538541258	162.215896203294	270.529513215696
4.95495495495495	6.23891891891892	25	10.4003695260379	26.1617950454489	163.221318061931	272.092335937135
4.96396396396396	6.27513513513514	25	10.456739138894	26.1712612032019	164.228200707011	273.666051337738
4.97297297297297	6.31135135135135	25	10.5134350239682	26.1808535459076	165.236565406495	275.250702626927
4.98198198198198	6.34756756756757	25	10.5704571812606	26.190574840529	166.246443433693	276.846349904414
4.99099099099099	6.38378378378378	25	10.6278056107712	26.2180714772085	167.370499538288	278.640567149078
5	6.42	25	10.6854803125	26.2280907766583	168.384342786147	280.259747628445
5.00900900900901	6.38594594594595	25	10.7431647536979	26.2382119617793	167.555803306195	281.881433947843
5.01801801801802	6.35189189189189	25	10.8005424016161	26.2307843800255	166.615106621449	283.306698924116
5.02702702702703	6.31783783783784	25	10.8576132562546	26.2410236663911	165.786532223124	284.914886417898
5.03603603603604	6.28378378378379	25	10.9143773176132	26.2513229350586	164.957637362193	286.516843599744
5.04504504504505	6.24972972972973	25	10.9708345856921	26.2617254427211	164.128686253373	288.113045766954
5.05405405405405	6.21567567567567	25	11.0269850604912	26.2722050017585	163.299505575795	289.703212060554
5.06306306306306	6.18162162162162	25	11.0828287420106	26.2827532398091	162.470035702949	291.287253025328
5.07207207207207	6.14756756756757	25	11.1383656302502	26.2933646450155	161.640235733925	292.865109065676
5.08108108108108	6.11351351351352	25	11.19359572521	26.2868379466911	160.704939014636	294.244236869369
5.09009009009009	6.07945945945946	25	11.2485190268901	26.2976006515241	159.875197041996	295.809061290226
5.0990990990991	6.0454054054054	25	11.3031355352904	26.3084061974889	159.044981033901	297.36748096769
5.10810810810811	6.01135135135135	25	11.3574452504109	26.3192493606824	158.214255210891	298.919433645862
5.11711711711712	5.9772972972973	25	11.4114481722516	26.3301250342136	157.382985204505	300.464857196834
5.12612612612613	5.94324324324324	25	11.4651443008126	26.3410522256379	156.55128065994	302.00396480218
5.13513513513514	5.90918918918919	25	11.5185336360939	26.3520113610475	155.719020648092	303.536529240953
5.14414414414414	5.87513513513513	25	11.5716161780953	26.3458253721787	154.785284308222	304.863779101977
5.15315315315315	5.84108108108108	25	11.624391926817	26.3568321397815	153.952393568907	306.382146742147
5.16216216216216	5.80702702702703	25	11.6768608822589	26.3678863838739	153.119028876734	307.894141063705
5.17117117117117	5.77297297297297	25	11.7290230444211	26.3789863713896	152.285175376455	309.399739038499
5.18018018018018	5.73891891891892	25	11.7808784133035	26.3901128170177	151.450717717988	310.898710410648
5.18918918918919	5.70486486486486	25	11.8324269889061	26.4012652953492	150.615650771414	312.391044021961
5.1981981981982	5.67081081081081	25	11.883668771229	26.4124872131271	149.780218028604	313.877249465124
5.20720720720721	5.63675675675676	25	11.9346037602721	26.4066484133715	148.847853867372	315.152885450407
5.21621621621622	5.6027027027027	25	11.9852319560354	26.4179537655969	148.011940962385	316.625303684498
5.22522522522523	5.56864864864865	25	12.035553358519	26.4293000124791	147.175485799221	318.091250528498
5.23423423423423	5.53459459459459	25	12.0855679677228	26.4407326208389	146.338735840416	319.551271205534
5.24324324324324	5.50054054054054	25	12.1352757836468	26.4521939899545	145.501365427988	321.004669150623
5.25225225225225	5.46648648648649	25	12.1846768062911	26.4636814348217	144.663356946136	322.451405387947
5.26126126126126	5.43243243243243	25	12.2337710356556	26.4578136919673	143.730285191498	323.678834811561
5.27027027027027	5.39837837837838	25	12.2825584717403	26.4694266558257	142.891980546882	325.112280613621
5.27927927927928	5.36432432432432	25	12.3310391145453	26.4810603182784	142.05299599924	326.538990579324
5.28828828828829	5.33027027027027	25	12.3792129640705	26.4927521297914	141.213529055066	327.95942061902
5.2972972972973	5.29621621621622	25	12.4270800203159	26.5044999332807	140.373562349343	329.373541569337
5.30630630630631	5.26216216216216	25	12.4746402832816	26.5162615287144	139.532868098397	330.780824228131
5.31531531531532	5.22810810810811	25	12.5218937529675	26.5280666601057	138.691600398131	332.181632189482
5.32432432432432	5.19405405405405	25	12.5688404293736	26.5228935745913	137.76134289635	333.362017064297
5.33333333333333	5.16	25	12.6154803125	26.5347648467265	136.919386609109	334.748803520695
5.34234234234234	5.12594594594595	25	12.6618134023466	26.5466721434893	136.076806452275	336.129009134133
5.35135135135135	5.09189189189189	25	12.7078396989134	26.5586258701136	135.233651727822	337.502760180819
5.36036036036036	5.05783783783784	25	12.7535592022005	26.5705739544973	134.389654320125	338.869387965128
5.36936936936937	5.02378378378378	25	12.7989719122078	26.5825600137929	133.545033928752	340.229438971114
5.37837837837838	4.98972972972973	25	12.8440778289354	26.594573142236	132.699732257287	341.582767266193
5.38738738738739	4.95567567567568	25	12.8888769523831	26.5895831320723	131.769350353967	342.709865204441
5.3963963963964	4.92162162162162	25	12.9333692825511	26.6016376861188	130.923195206547	344.048803715204
5.40540540540541	4.88756756756757	25	12.9775548194394	26.6136912425086	130.076214170142	345.380637047288
5.41441441441441	4.85351351351351	25	13.0214335630478	26.6257279832006	129.228330573599	346.70514800103
5.42342342342342	4.81945945945946	25	13.0650055133766	26.637821965415	128.379903050617	348.023290842491
5.43243243243243	4.78540540540541	25	13.1082706704255	26.6498876665345	127.530516492881	349.333940869368
5.44144144144144	4.75135135135135	25	13.1512290341947	26.6619672373926	126.680374063071	350.637637641144
5.45045045045045	4.7172972972973	25	13.1938806046841	26.6571329174288	125.749621065082	351.711028975749
5.45945945945946	4.68324324324324	25	13.2362253818937	26.669201935682	124.898359767973	352.999567575924
5.46846846846847	4.64918918918919	25	13.2782633658236	26.6813267332965	124.046535801666	354.2816833143
5.47747747747748	4.61513513513514	25	13.3199945564737	26.6934166286009	123.193724959456	355.556164186648
5.48648648648649	4.58108108108108	25	13.3614189538441	26.7055125639844	122.340118367442	356.823541744541
5.4954954954955	4.54702702702703	25	13.4025365579346	26.7176173814777	121.485728331346	358.083843696164
5.5045045045045	4.51297297297297	25	13.4433473687454	26.7296819816445	120.630332359324	359.336399935343
5.51351351351351	4.47891891891892	25	13.4838513862765	26.7245590556381	119.697133154063	360.349982669993
5.52252252252252	4.44486486486486	25	13.5240486105278	26.7366223339087	118.840673217152	361.587380125103
5.53153153153153	4.41081081081081	25	13.5639390414993	26.7487039517874	117.983472565722	362.817789841156
5.54054054054054	4.37675675675676	25	13.603522679191	26.7607492117115	117.125289928231	364.040458813661
5.54954954954955	4.3427027027027	25	13.642799523603	26.7727746747813	116.266200939023	365.255597578637
5.55855855855856	4.30864864864865	25	13.6817695747352	26.7847849975397	115.406227683994	366.463256445162
5.56756756756757	4.27459459459459	25	13.7204328325877	26.7967442982332	114.545218329961	367.662930275934
5.57657657657658	4.24054054054054	25	13.7587892971603	26.7918786121363	113.612047412005	368.62381269948
5.58558558558559	4.20648648648649	25	13.7968389684533	26.803769208141	112.749692960948	369.807287512307
5.59459459459459	4.17243243243243	25	13.8345818464664	26.8156697106901	111.886569998279	370.983577380352
5.6036036036036	4.13837837837838	25	13.8720179311998	26.8274865854713	111.022290431551	372.15137496268
5.61261261261261	4.10432432432432	25	13.9091472226534	26.8392953817544	110.15717288306	373.311710817104
5.62162162162162	4.07027027027027	25	13.9459697208273	26.8510271858438	109.290937680759	374.463612106886
5.63063063063063	4.03621621621622	25	13.9824854257213	26.8627366101574	108.423813117862	375.607823146516
5.63963963963964	4.00216216216216	25	14.0186943373356	26.8576031088821	107.488482928737	376.508528616894
5.64864864864865	3.96810810810811	25	14.0545964556702	26.8692193507665	106.619967164312	377.636035053908
5.65765765765766	3.93405405405405	25	14.090191780725	26.8807671349738	105.750390923427	378.755164144791
5.66666666666667	3.9	25	14.1254803125	26.8922804023859	104.879893569305	379.866377382131
5.67567567567568	3.86594594594595	25	14.1604620509953	26.9037246343532	104.008345181024	380.969171715185
5.68468468468468	3.83189189189189	25	14.1951369962107	26.9151330104577	103.135879951965	382.064000354681
5.69369369369369	3.79783783783784	25	14.2295051481465	26.9264683323288	102.262360271861	383.150319756276
5.7027027027027	3.76378378378378	25	14.2635665068024	26.9210570157184	101.32503783808	383.99028717712
5.71171171171171	3.72972972972973	25	14.2973210721786	26.9322864451267	100.450149443986	385.059546513861
5.72072072072072	3.69567567567568	25	14.330768844275	26.9434876406204	99.574391891309	386.120893236312
5.72972972972973	3.66162162162162	25	14.3639098230917	26.9545965573169	98.6975335563593	387.173394267117
5.73873873873874	3.62756756756757	25	14.3967440086286	26.9656848459319	97.8198437843509	388.218061744236
5.74774774774775	3.59351351351351	25	14.4292714008857	26.9766695287356	96.9410265010997	389.253686122129
5.75675675675676	3.55945945945946	25	14.461491999863	26.987632557053	96.0613839936184	390.281432319066
5.76576576576577	3.52540540540541	25	14.4934058055606	26.9814876462989	95.1206823941414	391.053649695531
5.77477477477477	3.49135135135135	25	14.5250128179785	26.9923105903219	94.2396400556156	392.063657311281
5.78378378378378	3.4572972972973	25	14.5563130371165	27.0030459439839	93.3575577609302	393.064789716268
5.79279279279279	3.42324324324324	25	14.5873064629748	27.0137091070688	92.4744971757117	394.057253446466
5.8018018018018	3.38918918918919	25	14.6179930955533	27.0242970959142	91.5904555629093	395.040988360256
5.81081081081081	3.35513513513514	25	14.6483729348521	27.0347911505861	90.7053776603717	396.015702989623
5.81981981981982	3.32108108108108	25	14.6784459808711	27.0452202309502	89.81936924268	396.981804200764
5.82882882882883	3.28702702702703	25	14.7082122336103	27.0389469081731	88.877749269514	397.694569698731
5.83783783783784	3.25297297297297	25	14.7376716930698	27.0492082953526	87.9903435250983	398.642351414365
5.84684684684685	3.21891891891892	25	14.7668243592495	27.0593681632244	87.1019121145954	399.580936938602
5.85585585585586	3.18486486486487	25	14.7956702321494	27.0694366309636	86.2124976376419	400.510457761802
5.86486486486486	3.15081081081081	25	14.8242093117695	27.0794157262068	85.3221158205725	401.430926765713
5.87387387387387	3.11675675675676	25	14.8524415981099	27.0892875468146	84.4307199972611	402.34206122347
5.88288288288288	3.0827027027027	25	14.8803670911706	27.0990797256635	83.538406311059	403.244254150771
5.89189189189189	3.04864864864865	25	14.9079857909514	27.0922195661893	82.5946585693555	403.890424338086
5.9009009009009	3.0145945945946	25	14.9352976974525	27.1018168951641	81.7009907158542	404.773703471124
5.90990990990991	2.98054054054054	25	14.9623028106738	27.1113222771917	80.8063951548297	405.64781350911
5.91891891891892	2.94648648648649	25	14.9890011306154	27.1207196727315	79.9108340194915	406.512497837676
5.92792792792793	2.91243243243243	25	15.0153926572772	27.1300372225601	79.014400300083	407.368161703286
5.93693693693694	2.87837837837838	25	15.0414773906592	27.1392518919084	78.1170358510335	408.214443731545
5.94594594594595	2.84432432432433	25	15.0672553307615	27.1483635203412	77.2187507265057	409.051324973312
5.95495495495495	2.81027027027027	25	15.092726477584	27.1409029556483	76.2732726845488	409.63022466425
5.96396396396396	2.77621621621621	25	15.1178908311267	27.1498367764341	75.3738171263597	410.448268469041
5.97297297297297	2.74216216216216	25	15.1427483913897	27.1586766007127	74.4734953488734	411.257006407716
5.98198198198198	2.70810810810811	25	15.1672991583729	27.1674344890325	73.5723496162448	412.056606260654
5.99099099099099	2.67405405405406	25	15.1915431320763	27.1760829363201	72.670314749176	412.84663608799
6	2.64	25	15.2154803125	27.1846432998797	71.7674583116824	413.627404931654
6.00900900900901	2.62702702702703	25	15.2392056594686	27.1931522741376	71.4371459742209	414.402040034829
6.01801801801802	2.61405405405405	25	15.2628141328068	27.2016193322661	71.1065032923454	415.173259979741
6.02702702702703	2.60108108108108	25	15.2863057325146	27.2100691277684	70.7755960231467	415.941435689924
6.03603603603604	2.58810810810811	25	15.309680458592	27.2017203086458	70.4009928852951	416.44964584936
6.04504504504505	2.57513513513514	25	15.3329383110391	27.2101186455918	70.0697325554591	417.211070628913
6.05405405405405	2.56216216216216	25	15.3560792898557	27.2184995686824	69.7382097057051	417.969437527591
6.06306306306306	2.54918918918919	25	15.379103395042	27.2268652219164	69.4064304792204	418.724775370725
6.07207207207207	2.53621621621622	25	15.4020106265979	27.2351884099055	69.0743264969064	419.47666130676
6.08108108108108	2.52324324324324	25	15.4248009845234	27.2434896566479	68.741951198504	420.225406077715
6.09009009009009	2.51027027027027	25	15.4474744688185	27.2517773645377	68.4093265302234	420.971135068622
6.0990990990991	2.4972972972973	25	15.4700310794832	27.2600223522839	68.0763801446224	421.713393017238
6.10810810810811	2.48432432432432	25	15.4924708165175	27.2682382156339	67.7431474805694	422.452384773556
6.11711711711712	2.47135135135135	25	15.5147936799215	27.2764428309964	67.4096738504409	423.188382845083
6.12612612612613	2.45837837837838	25	15.536999669695	27.2846044902577	67.0758817414551	423.920890952893
6.13513513513514	2.44540540540541	25	15.5590887858382	27.2927287647131	66.741786449493	424.649990057971
6.14414414414414	2.43243243243243	25	15.581061028351	27.3008452339504	66.4074613798794	425.376135715747
6.15315315315315	2.41945945945946	25	15.6029163972334	27.3089185304791	66.0728212661754	426.098772729923
6.16216216216216	2.40648648648649	25	15.6246548924854	27.316948654299	65.7378677886158	426.817895439165
6.17117117117117	2.39351351351351	25	15.646276514107	27.3249691039944	65.4026828067498	427.534022340527
6.18018018018018	2.38054054054054	25	15.6677812620982	27.3329491776954	65.067193610038	428.246668964179
6.18918918918919	2.36756756756757	25	15.6891691364591	27.3408858814305	64.7313946814409	428.95578293439
6.1981981981982	2.35459459459459	25	15.7104401371896	27.3325170948218	64.3569970081319	429.405873616909
6.20720720720721	2.34162162162162	25	15.7315942642896	27.3404084851394	64.0208916527697	430.108213308155
6.21621621621622	2.32864864864865	25	15.7526315177593	27.3482562766155	63.6844800214377	430.807003778773
6.22522522522523	2.31567567567568	25	15.7735518975986	27.356069408187	63.347784510634	431.502380524347
6.23423423423423	2.3027027027027	25	15.7943554038075	27.3638589187428	63.0108318885644	432.194512982272
6.24324324324324	2.28972972972973	25	15.815042036386	27.3716046680033	62.6735769587363	432.883078427813
6.25225225225225	2.27675675675676	25	15.8356117953342	27.3793066559686	62.3360214242918	433.568071429328
6.26126126126126	2.26378378378378	25	15.8560646806519	27.3869895542833	61.9982228396425	434.249877781055
6.27027027027027	2.25081081081081	25	15.8764006923393	27.3946309974754	61.6601316072905	434.928138534698
6.27927927927928	2.23783783783784	25	15.8966198303963	27.4022285243273	61.3217438328188	435.602809356871
6.28828828828829	2.22486486486487	25	15.9167220948229	27.4097948443756	60.9830895024055	436.274087214035
6.2972972972973	2.21189189189189	25	15.9367074856191	27.4173330498296	60.6441766702177	436.942016850931
6.30630630630631	2.19891891891892	25	15.9565760027849	27.4248271722107	60.3049713170557	437.606339136619
6.31531531531532	2.18594594594595	25	15.9763276463203	27.432277211519	59.9654751585852	438.267048815913
6.32432432432432	2.17297297297297	25	15.9959624162253	27.4397120816845	59.6257527396604	438.92460317067
6.33333333333333	2.16	25	16.0154803125	27.4471056536583	59.285748211902	439.578580231273
6.34234234234234	2.14702702702703	25	16.0348813351443	27.4544549527461	58.9454567958419	440.228927288347
6.35135135135135	2.13405405405405	25	16.0541654841581	27.4617703048607	58.6049022505893	440.875804962174
6.36036036036036	2.12108108108108	25	16.0733327595416	27.4529642316737	58.2299630513987	441.260629331486
6.36936936936937	2.10810810810811	25	16.0923831612947	27.4602265844549	57.8891263131753	441.900487893021
6.37837837837838	2.09513513513514	25	16.1113166894175	27.4674443829246	57.5480077990355	442.536695102258
6.38738738738739	2.08216216216216	25	16.1301333439098	27.4746408506932	57.2066575983083	443.169620497713
6.3963963963964	2.06918918918919	25	16.1488331247717	27.4818080337058	56.8650600827168	443.799131903327
6.40540540540541	2.05621621621622	25	16.1674160320033	27.4889304218246	56.523184499795	444.42497440443
6.41441441441441	2.04324324324324	25	16.1858820656044	27.4960080150496	56.1810325929121	445.047143006507
6.42342342342342	2.03027027027027	25	16.2042312255752	27.5030747853573	55.8386750777308	445.666183236217
6.43243243243243	2.0172972972973	25	16.2224635119156	27.5101039886821	55.4960584247361	446.2816581654
6.44144144144144	2.00432432432432	25	16.2405789246256	27.5170881330114	55.153169079571	446.893441600051
6.45045045045045	1.99135135135135	25	16.2585774637053	27.5240272183449	54.8100087958826	447.501528642593
6.45945945945946	1.97837837837838	25	16.2764591291545	27.5309622012949	54.4666603549943	448.106581055674
6.46846846846847	1.96540540540541	25	16.2942239209733	27.5378541815575	54.123047461699	448.70796233741
6.47747747747748	1.95243243243243	25	16.3118718391618	27.5447008198447	53.7791672223131	449.305629621362
6.48648648648649	1.93945945945946	25	16.3294028837199	27.5515021161565	53.4350214014971	449.89957810638
6.4954954954955	1.92648648648649	25	16.3468170546475	27.5582974990361	53.0906877224673	450.490447554293
6.5045045045045	1.91351351351351	25	16.3641143519448	27.5650484016511	52.7460926172134	451.077604161512
6.51351351351351	1.90054054054054	25	16.3812947756118	27.5717536900593	52.4012356617559	451.661024677422
6.52252252252252	1.88756756756757	25	16.3983583256483	27.5625247750161	52.026127845598	451.980157620272
6.53153153153153	1.87459459459459	25	16.4153050020544	27.5691822944381	51.6810401065467	452.55653602044
6.54054054054054	1.86162162162162	25	16.4321348048302	27.5757977781872	51.3357013773387	453.129226441907
6.54954954954955	1.84864864864865	25	16.4488477339755	27.5823673210768	50.9901060746392	453.698160206974
6.55855855855856	1.83567567567568	25	16.4654437894905	27.5888909231071	50.6442559864171	454.263332708804
6.56756756756757	1.8227027027027	25	16.4819229713751	27.5953883908606	50.2981890021524	454.825065823343
6.57657657657658	1.80972972972973	25	16.4982852796293	27.6018486870424	49.951886164442	455.383173883986
6.58558558558559	1.79675675675676	25	16.5145307142531	27.6082628382513	49.6053327969446	455.937504609474
6.59459459459459	1.78378378378378	25	16.5306592752465	27.6146308444876	49.2585306955725	456.488053501938
6.6036036036036	1.77081081081081	25	16.5466709626096	27.6209608129577	48.9114960125673	457.034950243144
6.61261261261261	1.75783783783784	25	16.5625657763422	27.62725896749	48.5642411687986	457.578293869093
6.62162162162162	1.74486486486486	25	16.5783437164445	27.6335108120625	48.2167421088312	458.117840334457
6.63063063063063	1.73189189189189	25	16.5940047829164	27.6397163466752	47.8690006349986	458.65358525518
6.63963963963964	1.71891891891892	25	16.6095489757578	27.6458755713281	47.5210185496343	459.185524279682
6.64864864864865	1.70594594594595	25	16.6249762949689	27.6520032419016	47.1728228278062	459.713898405019
6.65765765765766	1.69297297297297	25	16.6402867405497	27.6580863343973	46.8243926482878	460.238487299249
6.66666666666667	1.68	25	16.6554803125	27.6641229910723	46.4757266250015	460.759255840384
6.67567567567568	1.66702702702703	25	16.6705570108199	27.6701132119268	46.1268265651796	461.276199795268
6.68468468468468	1.65405405405405	25	16.6855168355095	27.6600516830806	45.7512206217441	461.522258029104
6.69369369369369	1.64108108108108	25	16.7003597865687	27.6659712567703	45.4021020192187	462.031673832931
6.7027027027027	1.62810810810811	25	16.7150858639974	27.6718442196435	45.052753940306	462.537252146502
6.71171171171171	1.61513513513513	25	16.7296950677958	27.6776705717003	44.7031781990488	463.038988851452
6.72072072072072	1.60216216216216	25	16.7441873979638	27.6834503129406	44.3533766094896	463.536879862097
6.72972972972973	1.58918918918919	25	16.7585628545015	27.6891870824897	44.0033567689295	464.030982111953
6.73873873873874	1.57621621621622	25	16.7728214374087	27.6948814680736	43.6531212761636	464.521301594198
6.74774774774775	1.56324324324324	25	16.7869631466855	27.7005291783658	43.3026650723427	465.007762460915
6.75675675675676	1.55027027027027	25	16.800987982332	27.7061302133664	42.9519899740189	465.490360751695
6.76576576576577	1.5372972972973	25	16.8148959443481	27.7116845730754	42.601097797744	465.969092538858
6.77477477477477	1.52432432432432	25	16.8286870327337	27.7171993635257	42.2500011919688	466.44407351266
6.78378378378378	1.51135135135135	25	16.842361247489	27.7226756156386	41.8987032547706	466.915317465541
6.79279279279279	1.49837837837838	25	16.8559185886139	27.7281050621779	41.5471930985715	467.382681544605
6.8018018018018	1.48540540540541	25	16.8693590561085	27.7334877031436	41.1954725449939	467.846161942499
6.81081081081081	1.47243243243243	25	16.8826826499726	27.7388235385357	40.8435434156602	468.305754884689
6.81981981981982	1.45945945945946	25	16.8958893702063	27.7441188301688	40.4914166710572	468.761562428391
6.82882882882883	1.44648648648649	25	16.9089792168097	27.7493864235296	40.1391124699272	469.213798314684
6.83783783783784	1.43351351351351	25	16.9219521897827	27.7546069848069	39.7866041749772	469.662132443111
6.84684684684685	1.42054054054054	25	16.9348082891253	27.7597805140005	39.4338936166451	470.106561152794
6.85585585585586	1.40756756756757	25	16.9475475148375	27.7494258386006	39.0591918290356	470.284712909142
6.86486486486486	1.39459459459459	25	16.9601698669193	27.7545148947168	38.7062964477672	470.721287188338
6.87387387387387	1.38162162162162	25	16.9726753453707	27.7595843002805	38.3532418764956	471.15441205111
6.88288288288288	1.36864864864865	25	16.9850639501917	27.7646143048943	38.0000018486446	471.583749521038
6.89189189189189	1.35567567567568	25	16.9973356813824	27.7695968566345	37.6465669818591	472.009159508877
6.9009009009009	1.3427027027027	25	17.0094905389427	27.7745319555008	37.2929391229536	472.430638520652
6.90990990990991	1.32972972972973	25	17.0215285228725	27.7794196014935	36.9391201187428	472.848183095667
6.91891891891892	1.31675675675676	25	17.033449633172	27.7842601625998	36.5851123005909	473.261796074591
6.92792792792793	1.30378378378378	25	17.0452538698411	27.7890967679362	36.2309737320336	473.672209223054
6.93693693693694	1.29081081081081	25	17.0569412328798	27.7938854860911	35.8766478598841	474.078671369647
6.94594594594595	1.27783783783784	25	17.0685117222882	27.7986263170644	35.5221365478596	474.481179156322
6.95495495495495	1.26486486486486	25	17.0799653380661	27.8033192608562	35.1674416596776	474.879729258609
6.96396396396396	1.25189189189189	25	17.0913020802137	27.8079643174664	34.8125650590553	475.274318385621
6.97297297297297	1.23891891891892	25	17.1025219487308	27.8125614868951	34.45750860971	475.664943280049
6.98198198198198	1.22594594594595	25	17.1136249436176	27.8171563552516	34.1023300614652	476.052380861744
6.99099099099099	1.21297297297297	25	17.124611064874	27.8217081937172	33.7469801009197	476.435931977824
7	1.2	25	17.1354803125	27.8262116083694	33.3914539300432	476.815501186672
7.00900900900901	1.19405405405405	25	17.1462643397705	27.8306797139909	33.2313359395708	477.192191131577
7.01801801801802	1.18810810810811	25	17.1569947999604	27.8351256253645	33.0711384457034	477.567105610625
7.02702702702703	1.18216216216216	25	17.1676716930698	27.8395493424904	32.9108618443387	477.940243194891
7.03603603603604	1.17621621621622	25	17.1782950190985	27.8286963926594	32.7325639732037	478.049556630025
7.04504504504505	1.17027027027027	25	17.1888647780466	27.8331449756481	32.5723020931234	478.420165334184
7.05405405405405	1.16432432432432	25	17.1993809699142	27.8375710134109	32.4119610610201	478.788989136694
7.06306306306306	1.15837837837838	25	17.2098435947011	27.8419745059478	32.251541279052	479.156026615018
7.07207207207207	1.15243243243243	25	17.2202526524075	27.8463554532588	32.0910431493771	479.521276353861
7.08108108108108	1.14648648648649	25	17.2306081430332	27.8507138553438	31.9304670741536	479.884736945175
7.09009009009009	1.14054054054054	25	17.2409100665784	27.8550497122029	31.7698134555395	480.24640698816
7.0990990990991	1.13459459459459	25	17.251158423043	27.8594041245767	31.609129328371	480.606994124649
7.10810810810811	1.12864864864865	25	17.2613532124269	27.863756787809	31.4483914448352	480.966147739529
7.11711711711712	1.1227027027027	25	17.2714944347303	27.8680865805872	31.2875761231782	481.323502283195
7.12612612612613	1.11675675675676	25	17.2815820899531	27.8723935029114	31.1266837713595	481.67905636404
7.13513513513514	1.11081081081081	25	17.2916161780953	27.8766775547816	30.9657147973385	482.032808597808
7.14414414414414	1.10486486486486	25	17.3015966991569	27.8809387361977	30.8046696090746	482.384757607594
7.15315315315315	1.09891891891892	25	17.3115236531379	27.8851770471597	30.6435486145274	482.734902023844
7.16216216216216	1.09297297297297	25	17.3213970400383	27.8894270036266	30.4823899466665	483.083838348983
7.17117117117117	1.08702702702703	25	17.3312168598582	27.8936704498142	30.3211736619331	483.431251583146
7.18018018018018	1.08108108108108	25	17.3409831125974	27.8978907480186	30.1598818897498	483.776852338477
7.18918918918919	1.07513513513514	25	17.350695798256	27.9020878982398	29.9985150430265	484.12063925856
7.1981981981982	1.06918918918919	25	17.3603549168341	27.9062619004779	29.8370735346731	484.46261099442
7.20720720720721	1.06324324324324	25	17.3699604683315	27.9104127547328	29.6755577775997	484.802766204524
7.21621621621622	1.0572972972973	25	17.3795124527483	27.9145404610045	29.5139681847161	485.141103554775
7.22522522522523	1.05135135135135	25	17.3890108700846	27.9186606495186	29.3523216017912	485.477893512683
7.23423423423423	1.04540540540541	25	17.3984557203403	27.9227796252653	29.1906247541963	485.813244898998
7.24324324324324	1.03945945945946	25	17.4078470035153	27.926875239974	29.0288546413352	486.146771463728
7.25225225225225	1.03351351351351	25	17.4171847196098	27.9309474936447	28.8670116799182	486.478471890532
7.26126126126126	1.02756756756757	25	17.4264688686237	27.9349963862773	28.7050962866558	486.808344870576
7.27027027027027	1.02162162162162	25	17.435699450557	27.939021917872	28.5431088782584	487.136389102539
7.27927927927928	1.01567567567568	25	17.4448764654097	27.9430240884286	28.3810498714364	487.462603292604
7.28828828828829	1.00972972972973	25	17.4539999131818	27.9470028979473	28.2189196829003	487.786986154462
7.2972972972973	1.00378378378378	25	17.4630697938733	27.9509794581231	28.0567399209376	488.109905084321
7.30630630630631	0.997837837837838	25	17.4720861074842	27.9549364518171	27.8944933459754	488.431056815397
7.31531531531532	0.991891891891892	25	17.4810488540145	27.9588699365019	27.7321763964762	488.750371263026
7.32432432432432	0.985945945945946	25	17.4899580334642	27.9627799121774	27.5697894917901	489.067847162979
7.33333333333333	0.98	25	17.4988136458333	27.9666663788437	27.4073330512669	489.383483258579
7.34234234234234	0.974054054054054	25	17.5076156911219	27.9705293365007	27.2448074942564	489.697278300704
7.35135135135135	0.968108108108109	25	17.5163641693298	27.9743687851485	27.0822132401086	490.009231047793
7.36036036036036	0.962162162162162	25	17.5250590804571	27.978184724787	26.9195507081734	490.319340265835
7.36936936936937	0.956216216216216	25	17.5337004245039	27.9819894207358	26.7568320460981	490.627819784818
7.37837837837838	0.950270270270271	25	17.54228820147	27.9857716297722	26.5940467703457	490.934471469988
7.38738738738739	0.944324324324324	25	17.5508224113556	27.9747334593946	26.4172212721958	490.979578950842
7.3963963963964	0.938378378378379	25	17.5593030541606	27.9784805207106	26.2544011805155	491.282618458086
7.40540540540541	0.932432432432433	25	17.5677301298849	27.9822039141114	26.0915144604552	491.583806802519
7.41441441441441	0.926486486486486	25	17.5761036385287	27.9859036395969	25.9285615341995	491.883142787433
7.42342342342342	0.920540540540541	25	17.5844235800919	27.9895796971671	25.7655428239328	492.180625223727
7.43243243243243	0.914594594594595	25	17.5926899545745	27.993232086822	25.6024587518394	492.476252929907
7.44144144144144	0.908648648648648	25	17.6009027619765	27.996862269488	25.4393110675726	492.770050445706
7.45045045045045	0.902702702702703	25	17.6090620022979	28.0004698152562	25.2760997791772	493.062009070317
7.45945945945946	0.896756756756757	25	17.6171676755387	28.004053676749	25.1128243512036	493.352109218073
7.46846846846847	0.890810810810811	25	17.6252197816989	28.0076138539664	24.9494852061279	493.640349737113
7.47747747747748	0.884864864864865	25	17.6332183207785	28.0111503469084	24.7860827664265	493.926729483188
7.48648648648649	0.878918918918919	25	17.6411632927776	28.014663155575	24.6226174545756	494.211247319658
7.4954954954955	0.872972972972973	25	17.649054697696	28.0181522799662	24.4590896930515	494.493902117499
7.5045045045045	0.867027027027027	25	17.6568925355338	28.0216177200819	24.2954999043305	494.774692755297
7.51351351351351	0.861081081081081	25	17.6646768062911	28.0250594759223	24.1318485108888	495.053618119253
7.52252252252252	0.855135135135135	25	17.6724075099677	28.0284719795179	23.9681311738364	495.330578703752
7.53153153153153	0.849189189189189	25	17.6800846465638	28.0318591730339	23.8043517626141	495.605642979794
7.54054054054054	0.843243243243243	25	17.6877082160792	28.0352227324688	23.6405121419737	495.8788394647
7.54954954954955	0.837297297297297	25	17.6952782185141	28.0385626578228	23.476612733496	496.150167077415
7.55855855855856	0.831351351351352	25	17.7027946538684	28.0418789490958	23.3126539587618	496.419624744477
7.56756756756757	0.825405405405405	25	17.7102575221421	28.0451716062878	23.1486362393521	496.687211400023
7.57657657657658	0.819459459459459	25	17.7176668233351	28.0484406293988	22.9845599968479	496.952925985785
7.58558558558559	0.813513513513514	25	17.7250225574476	28.0516860184289	22.82042565283	497.21676745109
7.59459459459459	0.807567567567568	25	17.7323247244795	28.0549077733779	22.6562336288793	497.478734752863
7.6036036036036	0.801621621621622	25	17.7395733244308	28.0581046855167	22.4919833776331	497.73880541328
7.61261261261261	0.795675675675676	25	17.7467683573015	28.0612760233442	22.327674760196	497.996965396589
7.62162162162162	0.78972972972973	25	17.7539098230917	28.0644237505346	22.1633097835303	498.253248504023
7.63063063063063	0.783783783783784	25	17.7609977218012	28.0675478670882	21.9988888687988	498.507653723898
7.63963963963964	0.777837837837838	25	17.7680320534301	28.0706483730047	21.8344124371642	498.760180052113
7.64864864864865	0.771891891891892	25	17.7750128179784	28.0737252682843	21.6698809097892	499.010826492159
7.65765765765766	0.765945945945946	25	17.7819400154462	28.0767785529269	21.5052947078365	499.259592055112
7.66666666666667	0.76	25	17.7888136458333	28.0798082269326	21.3406542524688	499.506475759642
7.67567567567568	0.754054054054054	25	17.7956337091399	28.0828142903014	21.1759599648489	499.751476632002
7.68468468468468	0.748108108108108	25	17.8024002053658	28.0857967430332	21.0112122661394	499.994593706037
7.69369369369369	0.742162162162162	25	17.8091131345112	28.0887643358321	20.8464180719446	500.235981865456
7.7027027027027	0.736216216216216	25	17.815772496576	28.091729366851	20.681586701433	500.475859435199
7.71171171171171	0.73027027027027	25	17.8223782915601	28.094670547529	20.5167026538982	500.713846474815
7.72072072072072	0.724324324324324	25	17.8289305194637	28.0975878778662	20.3517663547787	500.949942039002
7.72972972972973	0.718378378378378	25	17.8354291802867	28.1004813578624	20.186778229513	501.184145190121
7.73873873873874	0.712432432432433	25	17.8418742740291	28.1033509875177	20.0217387035396	501.416454998201
7.74774774774775	0.706486486486486	25	17.8482658006909	28.0914966808657	19.8462627902116	501.384499499316
7.75675675675676	0.70054054054054	25	17.8546037602721	28.0943274586559	19.6812153440097	501.613084685632
7.76576576576577	0.694594594594595	25	17.8608881527727	28.0971343113168	19.516117616239	501.839773347862
7.77477477477477	0.688648648648649	25	17.8671189781927	28.0999172388486	19.350970033672	502.064564583877
7.78378378378378	0.682702702702703	25	17.8732962365321	28.1026762412511	19.1857730230812	502.287457499234
7.79279279279279	0.676756756756757	25	17.879419927791	28.1054310746409	19.0205403813246	502.50880443509
7.8018018018018	0.670810810810811	25	17.8854900519692	28.1082048087966	18.8552876582251	502.729017486443
7.81081081081081	0.664864864864865	25	17.8915066090668	28.110954065555	18.6899856760176	502.947320451051
7.81981981981982	0.658918918918919	25	17.8974695990839	28.1136788449161	18.5246348713258	503.163712445293
7.82882882882883	0.652972972972973	25	17.9033790220203	28.11637914688	18.3592356807735	503.37819259342
7.83783783783784	0.647027027027027	25	17.9092348778762	28.1190549714465	18.1937885409846	503.590760027547
7.84684684684685	0.641081081081081	25	17.9150371666514	28.1217063186157	18.0282938885828	503.801413887658
7.85585585585586	0.635135135135135	25	17.9207858883461	28.1243331883877	17.8627521601922	504.010153321603
7.86486486486486	0.629189189189189	25	17.9264810429602	28.1269355807625	17.6971637924365	504.2169774851
7.87387387387387	0.623243243243244	25	17.9321226304937	28.1295134957399	17.5315292219395	504.421885541734
7.88288288288288	0.617297297297297	25	17.9377106509465	28.13206693332	17.3658488853251	504.624876662956
7.89189189189189	0.611351351351351	25	17.938253	28.132314758908	17.1987286445	504.644579620926
